# OpenSignals Text File Format. Version 1
# {"EC:1B:BD:62:D1:5E": {"position": 0, "device": "bitalino_rev", "device name": "EC:1B:BD:62:D1:5E", "device connection": "BTHEC:1B:BD:62:D1:5E", "sampling rate": 100, "resolution": [4, 1, 1, 1, 1, 10, 10], "firmware version": 1282, "comments": "", "keywords": "", "mode": 0, "sync interval": 2, "date": "2023-12-19", "time": "11:24:52.851", "channels": [1, 2], "sensor": ["EGGBIT", "EEGBITREV"], "label": ["A1", "A2"], "column": ["nSeq", "I1", "I2", "O1", "O2", "A1", "A2"], "special": [{}, {}], "digital IO": [0, 0, 1, 1]}}
# EndOfHeader
0	0	0	0	0	503	208	
1	0	0	0	0	502	384	
2	0	0	0	0	502	433	
3	0	0	0	0	502	531	
4	0	0	0	0	502	259	
5	0	0	0	0	502	759	
6	0	0	0	0	501	571	
7	0	0	0	0	501	706	
8	0	0	0	0	501	52	
9	0	0	0	0	501	444	
10	0	0	0	0	500	536	
11	0	0	0	0	500	190	
12	0	0	0	0	500	732	
13	0	0	0	0	500	793	
14	0	0	0	0	499	221	
15	0	0	0	0	499	675	
0	0	0	0	0	499	476	
1	0	0	0	0	499	463	
2	0	0	0	0	499	0	
3	0	0	0	0	499	487	
4	0	0	0	0	498	938	
5	0	0	0	0	498	286	
6	0	0	0	0	497	230	
7	0	0	0	0	497	1002	
8	0	0	0	0	497	213	
9	0	0	0	0	497	743	
10	0	0	0	0	497	617	
11	0	0	0	0	497	705	
12	0	0	0	0	496	438	
13	0	0	0	0	496	380	
14	0	0	0	0	496	786	
15	0	0	0	0	495	407	
0	0	0	0	0	496	367	
1	0	0	0	0	495	380	
2	0	0	0	0	495	705	
3	0	0	0	0	495	663	
4	0	0	0	0	494	184	
5	0	0	0	0	494	691	
6	0	0	0	0	494	705	
7	0	0	0	0	493	385	
8	0	0	0	0	493	688	
9	0	0	0	0	493	650	
10	0	0	0	0	492	256	
11	0	0	0	0	492	659	
12	0	0	0	0	492	884	
13	0	0	0	0	492	145	
14	0	0	0	0	492	348	
15	0	0	0	0	491	891	
0	0	0	0	0	491	612	
1	0	0	0	0	490	536	
2	0	0	0	0	490	200	
3	0	0	0	0	490	467	
4	0	0	0	0	490	897	
5	0	0	0	0	489	315	
6	0	0	0	0	489	618	
7	0	0	0	0	489	462	
8	0	0	0	0	488	492	
9	0	0	0	0	488	812	
10	0	0	0	0	488	267	
11	0	0	0	0	487	679	
12	0	0	0	0	487	339	
13	0	0	0	0	487	629	
14	0	0	0	0	487	271	
15	0	0	0	0	487	611	
0	0	0	0	0	487	115	
1	0	0	0	0	486	701	
2	0	0	0	0	486	321	
3	0	0	0	0	486	635	
4	0	0	0	0	485	579	
5	0	0	0	0	485	231	
6	0	0	0	0	485	526	
7	0	0	0	0	484	564	
8	0	0	0	0	485	625	
9	0	0	0	0	484	412	
10	0	0	0	0	484	681	
11	0	0	0	0	484	114	
12	0	0	0	0	484	485	
13	0	0	0	0	484	723	
14	0	0	0	0	483	488	
15	0	0	0	0	483	581	
0	0	0	0	0	483	355	
1	0	0	0	0	483	403	
2	0	0	0	0	483	566	
3	0	0	0	0	483	679	
4	0	0	0	0	483	493	
5	0	0	0	0	482	502	
6	0	0	0	0	482	577	
7	0	0	0	0	482	272	
8	0	0	0	0	483	851	
9	0	0	0	0	483	417	
10	0	0	0	0	482	390	
11	0	0	0	0	482	508	
12	0	0	0	0	482	531	
13	0	0	0	0	482	625	
14	0	0	0	0	481	572	
15	0	0	0	0	482	671	
0	0	0	0	0	481	272	
1	0	0	0	0	481	391	
2	0	0	0	0	481	744	
3	0	0	0	0	481	272	
4	0	0	0	0	481	513	
5	0	0	0	0	481	772	
6	0	0	0	0	481	618	
7	0	0	0	0	481	233	
8	0	0	0	0	481	312	
9	0	0	0	0	481	589	
10	0	0	0	0	480	191	
11	0	0	0	0	481	683	
12	0	0	0	0	480	326	
13	0	0	0	0	480	574	
14	0	0	0	0	480	345	
15	0	0	0	0	480	543	
0	0	0	0	0	481	668	
1	0	0	0	0	480	148	
2	0	0	0	0	480	512	
3	0	0	0	0	480	856	
4	0	0	0	0	480	615	
5	0	0	0	0	480	172	
6	0	0	0	0	480	636	
7	0	0	0	0	480	561	
8	0	0	0	0	480	626	
9	0	0	0	0	480	279	
10	0	0	0	0	480	204	
11	0	0	0	0	480	694	
12	0	0	0	0	480	396	
13	0	0	0	0	480	418	
14	0	0	0	0	480	404	
15	0	0	0	0	480	449	
0	0	0	0	0	481	995	
1	0	0	0	0	480	589	
2	0	0	0	0	480	469	
3	0	0	0	0	481	599	
4	0	0	0	0	481	530	
5	0	0	0	0	481	837	
6	0	0	0	0	481	515	
7	0	0	0	0	481	358	
8	0	0	0	0	481	792	
9	0	0	0	0	481	369	
10	0	0	0	0	481	585	
11	0	0	0	0	481	321	
12	0	0	0	0	482	736	
13	0	0	0	0	482	295	
14	0	0	0	0	481	421	
15	0	0	0	0	482	291	
0	0	0	0	0	482	402	
1	0	0	0	0	482	345	
2	0	0	0	0	482	415	
3	0	0	0	0	482	408	
4	0	0	0	0	483	872	
5	0	0	0	0	483	124	
6	0	0	0	0	483	311	
7	0	0	0	0	483	513	
8	0	0	0	0	483	559	
9	0	0	0	0	483	830	
10	0	0	0	0	483	516	
11	0	0	0	0	484	477	
12	0	0	0	0	484	697	
13	0	0	0	0	484	452	
14	0	0	0	0	484	591	
15	0	0	0	0	485	159	
0	0	0	0	0	486	924	
1	0	0	0	0	485	631	
2	0	0	0	0	486	301	
3	0	0	0	0	486	496	
4	0	0	0	0	486	786	
5	0	0	0	0	486	317	
6	0	0	0	0	487	0	
7	0	0	0	0	487	686	
8	0	0	0	0	487	798	
9	0	0	0	0	487	421	
10	0	0	0	0	487	174	
11	0	0	0	0	488	556	
12	0	0	0	0	488	491	
13	0	0	0	0	488	472	
14	0	0	0	0	488	436	
15	0	0	0	0	488	400	
0	0	0	0	0	489	638	
1	0	0	0	0	489	681	
2	0	0	0	0	489	628	
3	0	0	0	0	489	127	
4	0	0	0	0	490	410	
5	0	0	0	0	490	654	
6	0	0	0	0	490	702	
7	0	0	0	0	490	331	
8	0	0	0	0	491	427	
9	0	0	0	0	491	620	
10	0	0	0	0	491	496	
11	0	0	0	0	492	910	
12	0	0	0	0	492	86	
13	0	0	0	0	492	790	
14	0	0	0	0	492	364	
15	0	0	0	0	492	997	
0	0	0	0	0	493	293	
1	0	0	0	0	493	427	
2	0	0	0	0	493	460	
3	0	0	0	0	493	687	
4	0	0	0	0	494	370	
5	0	0	0	0	494	500	
6	0	0	0	0	494	255	
7	0	0	0	0	494	578	
8	0	0	0	0	494	248	
9	0	0	0	0	495	897	
10	0	0	0	0	495	559	
11	0	0	0	0	495	594	
12	0	0	0	0	495	717	
13	0	0	0	0	495	147	
14	0	0	0	0	495	494	
15	0	0	0	0	496	813	
0	0	0	0	0	496	289	
1	0	0	0	0	496	723	
2	0	0	0	0	496	295	
3	0	0	0	0	496	487	
4	0	0	0	0	497	950	
5	0	0	0	0	497	628	
6	0	0	0	0	497	666	
7	0	0	0	0	497	601	
8	0	0	0	0	497	346	
9	0	0	0	0	497	564	
10	0	0	0	0	498	684	
11	0	0	0	0	498	893	
12	0	0	0	0	498	246	
13	0	0	0	0	498	543	
14	0	0	0	0	498	660	
15	0	0	0	0	498	410	
0	0	0	0	0	498	273	
1	0	0	0	0	499	649	
2	0	0	0	0	499	760	
3	0	0	0	0	499	336	
4	0	0	0	0	499	507	
5	0	0	0	0	499	549	
6	0	0	0	0	499	659	
7	0	0	0	0	499	270	
8	0	0	0	0	500	790	
9	0	0	0	0	499	1018	
10	0	0	0	0	500	604	
11	0	0	0	0	499	185	
12	0	0	0	0	500	556	
13	0	0	0	0	500	555	
14	0	0	0	0	500	343	
15	0	0	0	0	500	434	
0	0	0	0	0	501	812	
1	0	0	0	0	500	171	
2	0	0	0	0	500	533	
3	0	0	0	0	500	350	
4	0	0	0	0	501	262	
5	0	0	0	0	501	415	
6	0	0	0	0	501	780	
7	0	0	0	0	501	13	
8	0	0	0	0	502	669	
9	0	0	0	0	501	592	
10	0	0	0	0	501	587	
11	0	0	0	0	501	322	
12	0	0	0	0	502	382	
13	0	0	0	0	502	736	
14	0	0	0	0	501	817	
15	0	0	0	0	502	166	
0	0	0	0	0	502	159	
1	0	0	0	0	501	488	
2	0	0	0	0	502	608	
3	0	0	0	0	502	235	
4	0	0	0	0	502	168	
5	0	0	0	0	502	117	
6	0	0	0	0	502	645	
7	0	0	0	0	502	499	
8	0	0	0	0	502	605	
9	0	0	0	0	502	142	
10	0	0	0	0	502	249	
11	0	0	0	0	502	630	
12	0	0	0	0	502	335	
13	0	0	0	0	502	678	
14	0	0	0	0	501	285	
15	0	0	0	0	501	720	
0	0	0	0	0	502	296	
1	0	0	0	0	502	803	
2	0	0	0	0	502	410	
3	0	0	0	0	502	206	
4	0	0	0	0	502	597	
5	0	0	0	0	501	367	
6	0	0	0	0	502	899	
7	0	0	0	0	502	599	
8	0	0	0	0	502	41	
9	0	0	0	0	502	725	
10	0	0	0	0	502	966	
11	0	0	0	0	501	398	
12	0	0	0	0	502	166	
13	0	0	0	0	501	515	
14	0	0	0	0	501	610	
15	0	0	0	0	502	702	
0	0	0	0	0	501	675	
1	0	0	0	0	501	790	
2	0	0	0	0	501	785	
3	0	0	0	0	501	369	
4	0	0	0	0	502	667	
5	0	0	0	0	502	711	
6	0	0	0	0	501	624	
7	0	0	0	0	501	527	
8	0	0	0	0	502	777	
9	0	0	0	0	501	252	
10	0	0	0	0	501	0	
11	0	0	0	0	501	556	
12	0	0	0	0	502	668	
13	0	0	0	0	501	807	
14	0	0	0	0	501	188	
15	0	0	0	0	501	87	
0	0	0	0	0	501	410	
1	0	0	0	0	501	1018	
2	0	0	0	0	501	586	
3	0	0	0	0	501	540	
4	0	0	0	0	501	414	
5	0	0	0	0	501	600	
6	0	0	0	0	501	85	
7	0	0	0	0	501	731	
8	0	0	0	0	501	752	
9	0	0	0	0	501	561	
10	0	0	0	0	501	467	
11	0	0	0	0	501	484	
12	0	0	0	0	501	366	
13	0	0	0	0	501	517	
14	0	0	0	0	501	962	
15	0	0	0	0	501	391	
0	0	0	0	0	501	495	
1	0	0	0	0	501	524	
2	0	0	0	0	501	505	
3	0	0	0	0	501	493	
4	0	0	0	0	501	363	
5	0	0	0	0	501	459	
6	0	0	0	0	501	464	
7	0	0	0	0	502	816	
8	0	0	0	0	502	0	
9	0	0	0	0	502	596	
10	0	0	0	0	501	582	
11	0	0	0	0	501	776	
12	0	0	0	0	502	371	
13	0	0	0	0	501	391	
14	0	0	0	0	501	463	
15	0	0	0	0	501	868	
0	0	0	0	0	501	626	
1	0	0	0	0	501	540	
2	0	0	0	0	501	702	
3	0	0	0	0	501	481	
4	0	0	0	0	501	371	
5	0	0	0	0	501	470	
6	0	0	0	0	501	751	
7	0	0	0	0	501	433	
8	0	0	0	0	501	452	
9	0	0	0	0	501	479	
10	0	0	0	0	500	471	
11	0	0	0	0	500	618	
12	0	0	0	0	501	321	
13	0	0	0	0	500	834	
14	0	0	0	0	500	274	
15	0	0	0	0	500	182	
0	0	0	0	0	501	359	
1	0	0	0	0	500	327	
2	0	0	0	0	500	416	
3	0	0	0	0	500	476	
4	0	0	0	0	500	692	
5	0	0	0	0	500	654	
6	0	0	0	0	500	223	
7	0	0	0	0	500	459	
8	0	0	0	0	500	704	
9	0	0	0	0	500	867	
10	0	0	0	0	500	195	
11	0	0	0	0	500	534	
12	0	0	0	0	500	421	
13	0	0	0	0	500	658	
14	0	0	0	0	500	258	
15	0	0	0	0	500	646	
0	0	0	0	0	500	432	
1	0	0	0	0	500	625	
2	0	0	0	0	500	779	
3	0	0	0	0	499	412	
4	0	0	0	0	500	411	
5	0	0	0	0	500	864	
6	0	0	0	0	499	728	
7	0	0	0	0	499	484	
8	0	0	0	0	499	491	
9	0	0	0	0	500	780	
10	0	0	0	0	500	390	
11	0	0	0	0	499	1018	
12	0	0	0	0	500	515	
13	0	0	0	0	499	158	
14	0	0	0	0	499	760	
15	0	0	0	0	499	531	
0	0	0	0	0	500	428	
1	0	0	0	0	500	317	
2	0	0	0	0	500	787	
3	0	0	0	0	500	402	
4	0	0	0	0	500	367	
5	0	0	0	0	499	59	
6	0	0	0	0	500	826	
7	0	0	0	0	500	209	
8	0	0	0	0	500	725	
9	0	0	0	0	500	816	
10	0	0	0	0	500	293	
11	0	0	0	0	500	167	
12	0	0	0	0	501	484	
13	0	0	0	0	501	1018	
14	0	0	0	0	501	314	
15	0	0	0	0	501	460	
0	0	0	0	0	502	697	
1	0	0	0	0	502	708	
2	0	0	0	0	502	456	
3	0	0	0	0	501	542	
4	0	0	0	0	502	566	
5	0	0	0	0	502	486	
6	0	0	0	0	502	439	
7	0	0	0	0	503	751	
8	0	0	0	0	503	290	
9	0	0	0	0	503	359	
10	0	0	0	0	503	701	
11	0	0	0	0	503	705	
12	0	0	0	0	504	452	
13	0	0	0	0	504	863	
14	0	0	0	0	504	683	
15	0	0	0	0	504	179	
0	0	0	0	0	504	691	
1	0	0	0	0	504	527	
2	0	0	0	0	504	199	
3	0	0	0	0	504	601	
4	0	0	0	0	505	683	
5	0	0	0	0	505	192	
6	0	0	0	0	505	593	
7	0	0	0	0	505	532	
8	0	0	0	0	505	404	
9	0	0	0	0	505	596	
10	0	0	0	0	505	395	
11	0	0	0	0	505	387	
12	0	0	0	0	506	955	
13	0	0	0	0	506	475	
14	0	0	0	0	506	424	
15	0	0	0	0	506	490	
0	0	0	0	0	506	457	
1	0	0	0	0	507	342	
2	0	0	0	0	507	953	
3	0	0	0	0	507	578	
4	0	0	0	0	508	596	
5	0	0	0	0	507	741	
6	0	0	0	0	508	146	
7	0	0	0	0	508	588	
8	0	0	0	0	508	563	
9	0	0	0	0	508	492	
10	0	0	0	0	508	534	
11	0	0	0	0	509	392	
12	0	0	0	0	509	454	
13	0	0	0	0	509	696	
14	0	0	0	0	509	587	
15	0	0	0	0	510	508	
0	0	0	0	0	510	461	
1	0	0	0	0	510	392	
2	0	0	0	0	510	499	
3	0	0	0	0	511	536	
4	0	0	0	0	511	689	
5	0	0	0	0	511	618	
6	0	0	0	0	511	243	
7	0	0	0	0	512	389	
8	0	0	0	0	512	518	
9	0	0	0	0	512	520	
10	0	0	0	0	512	280	
11	0	0	0	0	512	276	
12	0	0	0	0	513	555	
13	0	0	0	0	513	813	
14	0	0	0	0	513	414	
15	0	0	0	0	514	159	
0	0	0	0	0	514	419	
1	0	0	0	0	514	498	
2	0	0	0	0	514	427	
3	0	0	0	0	515	344	
4	0	0	0	0	515	475	
5	0	0	0	0	515	546	
6	0	0	0	0	515	422	
7	0	0	0	0	515	383	
8	0	0	0	0	516	664	
9	0	0	0	0	516	508	
10	0	0	0	0	516	703	
11	0	0	0	0	517	267	
12	0	0	0	0	518	771	
13	0	0	0	0	518	353	
14	0	0	0	0	518	824	
15	0	0	0	0	518	456	
0	0	0	0	0	518	459	
1	0	0	0	0	519	489	
2	0	0	0	0	519	585	
3	0	0	0	0	519	575	
4	0	0	0	0	519	476	
5	0	0	0	0	520	698	
6	0	0	0	0	519	94	
7	0	0	0	0	520	402	
8	0	0	0	0	521	627	
9	0	0	0	0	521	489	
10	0	0	0	0	521	811	
11	0	0	0	0	521	899	
12	0	0	0	0	522	355	
13	0	0	0	0	521	15	
14	0	0	0	0	522	651	
15	0	0	0	0	522	554	
0	0	0	0	0	523	492	
1	0	0	0	0	522	477	
2	0	0	0	0	523	744	
3	0	0	0	0	523	789	
4	0	0	0	0	523	658	
5	0	0	0	0	523	383	
6	0	0	0	0	523	498	
7	0	0	0	0	523	536	
8	0	0	0	0	524	507	
9	0	0	0	0	524	563	
10	0	0	0	0	524	480	
11	0	0	0	0	524	353	
12	0	0	0	0	525	579	
13	0	0	0	0	524	571	
14	0	0	0	0	525	622	
15	0	0	0	0	525	239	
0	0	0	0	0	525	774	
1	0	0	0	0	525	190	
2	0	0	0	0	525	859	
3	0	0	0	0	525	342	
4	0	0	0	0	525	208	
5	0	0	0	0	526	766	
6	0	0	0	0	526	447	
7	0	0	0	0	526	719	
8	0	0	0	0	526	144	
9	0	0	0	0	526	689	
10	0	0	0	0	526	476	
11	0	0	0	0	526	147	
12	0	0	0	0	526	275	
13	0	0	0	0	526	484	
14	0	0	0	0	526	511	
15	0	0	0	0	526	765	
0	0	0	0	0	527	617	
1	0	0	0	0	526	371	
2	0	0	0	0	527	311	
3	0	0	0	0	526	735	
4	0	0	0	0	527	647	
5	0	0	0	0	527	692	
6	0	0	0	0	526	561	
7	0	0	0	0	526	450	
8	0	0	0	0	527	686	
9	0	0	0	0	527	384	
10	0	0	0	0	526	652	
11	0	0	0	0	526	517	
12	0	0	0	0	527	483	
13	0	0	0	0	526	678	
14	0	0	0	0	526	171	
15	0	0	0	0	527	763	
0	0	0	0	0	527	629	
1	0	0	0	0	526	535	
2	0	0	0	0	526	684	
3	0	0	0	0	526	595	
4	0	0	0	0	526	145	
5	0	0	0	0	526	432	
6	0	0	0	0	526	520	
7	0	0	0	0	526	649	
8	0	0	0	0	526	523	
9	0	0	0	0	526	579	
10	0	0	0	0	526	191	
11	0	0	0	0	526	691	
12	0	0	0	0	526	273	
13	0	0	0	0	525	526	
14	0	0	0	0	525	617	
15	0	0	0	0	525	516	
0	0	0	0	0	525	751	
1	0	0	0	0	525	408	
2	0	0	0	0	525	451	
3	0	0	0	0	525	457	
4	0	0	0	0	525	696	
5	0	0	0	0	524	441	
6	0	0	0	0	524	603	
7	0	0	0	0	524	374	
8	0	0	0	0	524	361	
9	0	0	0	0	524	645	
10	0	0	0	0	524	440	
11	0	0	0	0	524	307	
12	0	0	0	0	524	432	
13	0	0	0	0	524	313	
14	0	0	0	0	524	911	
15	0	0	0	0	523	512	
0	0	0	0	0	523	62	
1	0	0	0	0	523	494	
2	0	0	0	0	523	585	
3	0	0	0	0	522	523	
4	0	0	0	0	522	503	
5	0	0	0	0	522	472	
6	0	0	0	0	521	408	
7	0	0	0	0	521	386	
8	0	0	0	0	521	755	
9	0	0	0	0	521	424	
10	0	0	0	0	521	302	
11	0	0	0	0	520	573	
12	0	0	0	0	520	474	
13	0	0	0	0	519	447	
14	0	0	0	0	519	526	
15	0	0	0	0	519	718	
0	0	0	0	0	519	246	
1	0	0	0	0	519	531	
2	0	0	0	0	519	426	
3	0	0	0	0	518	807	
4	0	0	0	0	518	140	
5	0	0	0	0	518	243	
6	0	0	0	0	517	570	
7	0	0	0	0	517	558	
8	0	0	0	0	517	460	
9	0	0	0	0	516	652	
10	0	0	0	0	516	289	
11	0	0	0	0	515	466	
12	0	0	0	0	516	835	
13	0	0	0	0	515	495	
14	0	0	0	0	515	170	
15	0	0	0	0	515	903	
0	0	0	0	0	514	277	
1	0	0	0	0	514	704	
2	0	0	0	0	514	820	
3	0	0	0	0	513	386	
4	0	0	0	0	513	484	
5	0	0	0	0	512	582	
6	0	0	0	0	512	780	
7	0	0	0	0	512	810	
8	0	0	0	0	512	466	
9	0	0	0	0	511	482	
10	0	0	0	0	511	238	
11	0	0	0	0	511	798	
12	0	0	0	0	511	634	
13	0	0	0	0	511	651	
14	0	0	0	0	510	253	
15	0	0	0	0	510	379	
0	0	0	0	0	510	737	
1	0	0	0	0	509	432	
2	0	0	0	0	509	426	
3	0	0	0	0	509	395	
4	0	0	0	0	509	690	
5	0	0	0	0	508	437	
6	0	0	0	0	508	818	
7	0	0	0	0	507	162	
8	0	0	0	0	508	587	
9	0	0	0	0	507	537	
10	0	0	0	0	507	422	
11	0	0	0	0	507	851	
12	0	0	0	0	507	401	
13	0	0	0	0	506	538	
14	0	0	0	0	506	316	
15	0	0	0	0	505	740	
0	0	0	0	0	505	890	
1	0	0	0	0	505	435	
2	0	0	0	0	505	455	
3	0	0	0	0	504	342	
4	0	0	0	0	505	282	
5	0	0	0	0	504	873	
6	0	0	0	0	504	262	
7	0	0	0	0	504	372	
8	0	0	0	0	504	391	
9	0	0	0	0	504	418	
10	0	0	0	0	503	494	
11	0	0	0	0	504	732	
12	0	0	0	0	504	471	
13	0	0	0	0	504	450	
14	0	0	0	0	503	529	
15	0	0	0	0	503	384	
0	0	0	0	0	503	848	
1	0	0	0	0	503	542	
2	0	0	0	0	502	142	
3	0	0	0	0	502	390	
4	0	0	0	0	502	605	
5	0	0	0	0	502	698	
6	0	0	0	0	502	672	
7	0	0	0	0	502	297	
8	0	0	0	0	502	385	
9	0	0	0	0	501	704	
10	0	0	0	0	501	368	
11	0	0	0	0	501	207	
12	0	0	0	0	501	664	
13	0	0	0	0	501	316	
14	0	0	0	0	501	944	
15	0	0	0	0	500	232	
0	0	0	0	0	501	364	
1	0	0	0	0	501	1018	
2	0	0	0	0	500	767	
3	0	0	0	0	500	664	
4	0	0	0	0	500	404	
5	0	0	0	0	500	488	
6	0	0	0	0	500	555	
7	0	0	0	0	500	274	
8	0	0	0	0	501	866	
9	0	0	0	0	500	560	
10	0	0	0	0	500	876	
11	0	0	0	0	500	358	
12	0	0	0	0	500	567	
13	0	0	0	0	500	341	
14	0	0	0	0	500	719	
15	0	0	0	0	500	471	
0	0	0	0	0	500	430	
1	0	0	0	0	500	345	
2	0	0	0	0	500	468	
3	0	0	0	0	500	590	
4	0	0	0	0	501	710	
5	0	0	0	0	500	569	
6	0	0	0	0	500	418	
7	0	0	0	0	501	531	
8	0	0	0	0	501	446	
9	0	0	0	0	501	344	
10	0	0	0	0	501	523	
11	0	0	0	0	501	728	
12	0	0	0	0	502	306	
13	0	0	0	0	502	507	
14	0	0	0	0	502	657	
15	0	0	0	0	502	441	
0	0	0	0	0	502	390	
1	0	0	0	0	502	589	
2	0	0	0	0	503	334	
3	0	0	0	0	503	887	
4	0	0	0	0	503	741	
5	0	0	0	0	503	618	
6	0	0	0	0	503	177	
7	0	0	0	0	503	907	
8	0	0	0	0	504	330	
9	0	0	0	0	504	448	
10	0	0	0	0	504	544	
11	0	0	0	0	504	551	
12	0	0	0	0	504	429	
13	0	0	0	0	504	683	
14	0	0	0	0	505	340	
15	0	0	0	0	505	412	
0	0	0	0	0	505	289	
1	0	0	0	0	505	673	
2	0	0	0	0	506	568	
3	0	0	0	0	507	889	
4	0	0	0	0	507	340	
5	0	0	0	0	507	412	
6	0	0	0	0	507	344	
7	0	0	0	0	507	467	
8	0	0	0	0	508	579	
9	0	0	0	0	508	398	
10	0	0	0	0	508	469	
11	0	0	0	0	509	349	
12	0	0	0	0	509	484	
13	0	0	0	0	510	1018	
14	0	0	0	0	510	450	
15	0	0	0	0	510	316	
0	0	0	0	0	511	493	
1	0	0	0	0	511	225	
2	0	0	0	0	511	648	
3	0	0	0	0	512	718	
4	0	0	0	0	512	71	
5	0	0	0	0	512	683	
6	0	0	0	0	512	465	
7	0	0	0	0	513	408	
8	0	0	0	0	513	454	
9	0	0	0	0	513	463	
10	0	0	0	0	514	508	
11	0	0	0	0	514	404	
12	0	0	0	0	515	810	
13	0	0	0	0	515	508	
14	0	0	0	0	515	487	
15	0	0	0	0	516	701	
0	0	0	0	0	516	200	
1	0	0	0	0	516	322	
2	0	0	0	0	516	536	
3	0	0	0	0	517	556	
4	0	0	0	0	518	347	
5	0	0	0	0	518	103	
6	0	0	0	0	518	504	
7	0	0	0	0	519	720	
8	0	0	0	0	519	535	
9	0	0	0	0	519	536	
10	0	0	0	0	519	403	
11	0	0	0	0	519	621	
12	0	0	0	0	520	597	
13	0	0	0	0	520	735	
14	0	0	0	0	521	622	
15	0	0	0	0	521	993	
0	0	0	0	0	522	257	
1	0	0	0	0	522	543	
2	0	0	0	0	523	0	
3	0	0	0	0	523	555	
4	0	0	0	0	523	446	
5	0	0	0	0	523	821	
6	0	0	0	0	524	414	
7	0	0	0	0	524	429	
8	0	0	0	0	524	450	
9	0	0	0	0	525	718	
10	0	0	0	0	525	404	
11	0	0	0	0	525	513	
12	0	0	0	0	526	662	
13	0	0	0	0	526	334	
14	0	0	0	0	526	300	
15	0	0	0	0	527	415	
0	0	0	0	0	527	775	
1	0	0	0	0	527	337	
2	0	0	0	0	527	406	
3	0	0	0	0	527	920	
4	0	0	0	0	528	124	
5	0	0	0	0	528	598	
6	0	0	0	0	528	447	
7	0	0	0	0	529	508	
8	0	0	0	0	529	429	
9	0	0	0	0	529	331	
10	0	0	0	0	529	483	
11	0	0	0	0	530	478	
12	0	0	0	0	530	603	
13	0	0	0	0	530	593	
14	0	0	0	0	530	529	
15	0	0	0	0	531	683	
0	0	0	0	0	531	0	
1	0	0	0	0	531	717	
2	0	0	0	0	532	415	
3	0	0	0	0	532	866	
4	0	0	0	0	532	457	
5	0	0	0	0	532	339	
6	0	0	0	0	533	163	
7	0	0	0	0	534	814	
8	0	0	0	0	534	646	
9	0	0	0	0	534	674	
10	0	0	0	0	534	0	
11	0	0	0	0	535	480	
12	0	0	0	0	535	515	
13	0	0	0	0	535	749	
14	0	0	0	0	535	272	
15	0	0	0	0	536	287	
0	0	0	0	0	536	524	
1	0	0	0	0	536	453	
2	0	0	0	0	536	619	
3	0	0	0	0	536	604	
4	0	0	0	0	536	393	
5	0	0	0	0	537	661	
6	0	0	0	0	537	349	
7	0	0	0	0	537	368	
8	0	0	0	0	537	525	
9	0	0	0	0	537	473	
10	0	0	0	0	537	520	
11	0	0	0	0	537	390	
12	0	0	0	0	538	547	
13	0	0	0	0	538	550	
14	0	0	0	0	538	509	
15	0	0	0	0	538	480	
0	0	0	0	0	538	550	
1	0	0	0	0	538	574	
2	0	0	0	0	539	476	
3	0	0	0	0	539	575	
4	0	0	0	0	539	463	
5	0	0	0	0	539	357	
6	0	0	0	0	539	923	
7	0	0	0	0	539	295	
8	0	0	0	0	539	433	
9	0	0	0	0	540	444	
10	0	0	0	0	540	596	
11	0	0	0	0	540	575	
12	0	0	0	0	540	885	
13	0	0	0	0	540	639	
14	0	0	0	0	540	0	
15	0	0	0	0	540	258	
0	0	0	0	0	540	538	
1	0	0	0	0	540	538	
2	0	0	0	0	540	623	
3	0	0	0	0	541	686	
4	0	0	0	0	541	447	
5	0	0	0	0	541	184	
6	0	0	0	0	541	249	
7	0	0	0	0	541	322	
8	0	0	0	0	541	925	
9	0	0	0	0	541	503	
10	0	0	0	0	541	312	
11	0	0	0	0	541	62	
12	0	0	0	0	541	506	
13	0	0	0	0	541	760	
14	0	0	0	0	542	691	
15	0	0	0	0	541	497	
0	0	0	0	0	541	473	
1	0	0	0	0	541	347	
2	0	0	0	0	541	562	
3	0	0	0	0	542	1017	
4	0	0	0	0	542	156	
5	0	0	0	0	541	446	
6	0	0	0	0	541	640	
7	0	0	0	0	541	527	
8	0	0	0	0	542	710	
9	0	0	0	0	541	311	
10	0	0	0	0	541	492	
11	0	0	0	0	541	664	
12	0	0	0	0	542	438	
13	0	0	0	0	542	825	
14	0	0	0	0	542	651	
15	0	0	0	0	541	320	
0	0	0	0	0	542	446	
1	0	0	0	0	542	919	
2	0	0	0	0	542	267	
3	0	0	0	0	542	681	
4	0	0	0	0	542	758	
5	0	0	0	0	541	547	
6	0	0	0	0	542	640	
7	0	0	0	0	542	103	
8	0	0	0	0	542	966	
9	0	0	0	0	542	454	
10	0	0	0	0	542	679	
11	0	0	0	0	542	471	
12	0	0	0	0	542	461	
13	0	0	0	0	542	700	
14	0	0	0	0	542	410	
15	0	0	0	0	542	655	
0	0	0	0	0	542	417	
1	0	0	0	0	542	257	
2	0	0	0	0	542	522	
3	0	0	0	0	542	699	
4	0	0	0	0	542	618	
5	0	0	0	0	542	236	
6	0	0	0	0	542	220	
7	0	0	0	0	542	1018	
8	0	0	0	0	542	650	
9	0	0	0	0	542	440	
10	0	0	0	0	542	478	
11	0	0	0	0	542	487	
12	0	0	0	0	543	340	
13	0	0	0	0	542	636	
14	0	0	0	0	542	495	
15	0	0	0	0	542	667	
0	0	0	0	0	543	556	
1	0	0	0	0	542	616	
2	0	0	0	0	542	29	
3	0	0	0	0	543	230	
4	0	0	0	0	543	584	
5	0	0	0	0	543	666	
6	0	0	0	0	542	440	
7	0	0	0	0	543	819	
8	0	0	0	0	543	439	
9	0	0	0	0	543	505	
10	0	0	0	0	543	536	
11	0	0	0	0	543	561	
12	0	0	0	0	543	464	
13	0	0	0	0	543	648	
14	0	0	0	0	543	382	
15	0	0	0	0	543	506	
0	0	0	0	0	543	621	
1	0	0	0	0	543	394	
2	0	0	0	0	544	902	
3	0	0	0	0	543	219	
4	0	0	0	0	544	256	
5	0	0	0	0	544	682	
6	0	0	0	0	544	757	
7	0	0	0	0	544	898	
8	0	0	0	0	545	252	
9	0	0	0	0	544	368	
10	0	0	0	0	545	542	
11	0	0	0	0	545	533	
12	0	0	0	0	545	409	
13	0	0	0	0	545	526	
14	0	0	0	0	545	394	
15	0	0	0	0	545	564	
0	0	0	0	0	546	649	
1	0	0	0	0	546	702	
2	0	0	0	0	547	813	
3	0	0	0	0	547	641	
4	0	0	0	0	547	423	
5	0	0	0	0	547	605	
6	0	0	0	0	547	143	
7	0	0	0	0	547	723	
8	0	0	0	0	547	352	
9	0	0	0	0	548	664	
10	0	0	0	0	548	450	
11	0	0	0	0	548	418	
12	0	0	0	0	549	213	
13	0	0	0	0	549	664	
14	0	0	0	0	549	269	
15	0	0	0	0	550	584	
0	0	0	0	0	550	306	
1	0	0	0	0	550	497	
2	0	0	0	0	551	563	
3	0	0	0	0	551	800	
4	0	0	0	0	551	418	
5	0	0	0	0	551	325	
6	0	0	0	0	552	498	
7	0	0	0	0	552	532	
8	0	0	0	0	553	828	
9	0	0	0	0	553	535	
10	0	0	0	0	553	419	
11	0	0	0	0	554	382	
12	0	0	0	0	554	668	
13	0	0	0	0	554	391	
14	0	0	0	0	555	537	
15	0	0	0	0	556	588	
0	0	0	0	0	556	547	
1	0	0	0	0	556	277	
2	0	0	0	0	556	480	
3	0	0	0	0	556	527	
4	0	0	0	0	557	441	
5	0	0	0	0	558	916	
6	0	0	0	0	558	317	
7	0	0	0	0	558	399	
8	0	0	0	0	559	615	
9	0	0	0	0	559	760	
10	0	0	0	0	559	539	
11	0	0	0	0	559	435	
12	0	0	0	0	560	843	
13	0	0	0	0	560	416	
14	0	0	0	0	560	646	
15	0	0	0	0	560	552	
0	0	0	0	0	561	664	
1	0	0	0	0	561	713	
2	0	0	0	0	561	527	
3	0	0	0	0	562	133	
4	0	0	0	0	562	594	
5	0	0	0	0	562	255	
6	0	0	0	0	563	332	
7	0	0	0	0	563	777	
8	0	0	0	0	563	226	
9	0	0	0	0	563	714	
10	0	0	0	0	563	160	
11	0	0	0	0	564	542	
12	0	0	0	0	564	850	
13	0	0	0	0	565	368	
14	0	0	0	0	565	389	
15	0	0	0	0	565	445	
0	0	0	0	0	566	422	
1	0	0	0	0	566	743	
2	0	0	0	0	566	701	
3	0	0	0	0	567	573	
4	0	0	0	0	567	391	
5	0	0	0	0	567	346	
6	0	0	0	0	568	883	
7	0	0	0	0	568	374	
8	0	0	0	0	568	332	
9	0	0	0	0	568	583	
10	0	0	0	0	568	449	
11	0	0	0	0	568	643	
12	0	0	0	0	569	495	
13	0	0	0	0	569	588	
14	0	0	0	0	569	409	
15	0	0	0	0	569	646	
0	0	0	0	0	570	352	
1	0	0	0	0	570	528	
2	0	0	0	0	570	554	
3	0	0	0	0	570	676	
4	0	0	0	0	571	270	
5	0	0	0	0	571	315	
6	0	0	0	0	570	605	
7	0	0	0	0	571	937	
8	0	0	0	0	571	574	
9	0	0	0	0	571	542	
10	0	0	0	0	572	474	
11	0	0	0	0	572	569	
12	0	0	0	0	572	849	
13	0	0	0	0	572	347	
14	0	0	0	0	572	272	
15	0	0	0	0	573	811	
0	0	0	0	0	573	528	
1	0	0	0	0	573	419	
2	0	0	0	0	573	697	
3	0	0	0	0	574	279	
4	0	0	0	0	574	1018	
5	0	0	0	0	574	217	
6	0	0	0	0	574	547	
7	0	0	0	0	574	633	
8	0	0	0	0	575	321	
9	0	0	0	0	575	775	
10	0	0	0	0	575	348	
11	0	0	0	0	575	292	
12	0	0	0	0	575	611	
13	0	0	0	0	575	664	
14	0	0	0	0	575	544	
15	0	0	0	0	575	144	
0	0	0	0	0	576	521	
1	0	0	0	0	576	620	
2	0	0	0	0	575	508	
3	0	0	0	0	576	779	
4	0	0	0	0	576	251	
5	0	0	0	0	576	337	
6	0	0	0	0	576	636	
7	0	0	0	0	576	704	
8	0	0	0	0	577	806	
9	0	0	0	0	576	407	
10	0	0	0	0	576	349	
11	0	0	0	0	576	638	
12	0	0	0	0	577	702	
13	0	0	0	0	576	622	
14	0	0	0	0	576	726	
15	0	0	0	0	576	331	
0	0	0	0	0	577	595	
1	0	0	0	0	577	732	
2	0	0	0	0	577	580	
3	0	0	0	0	576	430	
4	0	0	0	0	576	504	
5	0	0	0	0	576	408	
6	0	0	0	0	577	535	
7	0	0	0	0	577	237	
8	0	0	0	0	576	511	
9	0	0	0	0	576	499	
10	0	0	0	0	576	386	
11	0	0	0	0	576	487	
12	0	0	0	0	576	331	
13	0	0	0	0	577	958	
14	0	0	0	0	576	59	
15	0	0	0	0	576	773	
0	0	0	0	0	576	384	
1	0	0	0	0	576	497	
2	0	0	0	0	576	729	
3	0	0	0	0	576	356	
4	0	0	0	0	576	524	
5	0	0	0	0	576	621	
6	0	0	0	0	576	888	
7	0	0	0	0	576	473	
8	0	0	0	0	576	337	
9	0	0	0	0	576	405	
10	0	0	0	0	576	407	
11	0	0	0	0	576	489	
12	0	0	0	0	576	637	
13	0	0	0	0	576	463	
14	0	0	0	0	576	673	
15	0	0	0	0	575	289	
0	0	0	0	0	576	130	
1	0	0	0	0	576	527	
2	0	0	0	0	575	409	
3	0	0	0	0	576	1018	
4	0	0	0	0	575	0	
5	0	0	0	0	575	579	
6	0	0	0	0	575	448	
7	0	0	0	0	575	627	
8	0	0	0	0	575	621	
9	0	0	0	0	575	460	
10	0	0	0	0	575	675	
11	0	0	0	0	575	567	
12	0	0	0	0	575	688	
13	0	0	0	0	575	399	
14	0	0	0	0	575	449	
15	0	0	0	0	575	568	
0	0	0	0	0	575	366	
1	0	0	0	0	575	596	
2	0	0	0	0	574	527	
3	0	0	0	0	575	808	
4	0	0	0	0	575	170	
5	0	0	0	0	575	231	
6	0	0	0	0	575	930	
7	0	0	0	0	575	714	
8	0	0	0	0	575	284	
9	0	0	0	0	575	511	
10	0	0	0	0	574	657	
11	0	0	0	0	574	160	
12	0	0	0	0	574	595	
13	0	0	0	0	574	476	
14	0	0	0	0	574	575	
15	0	0	0	0	574	542	
0	0	0	0	0	574	475	
1	0	0	0	0	574	516	
2	0	0	0	0	574	165	
3	0	0	0	0	574	640	
4	0	0	0	0	573	545	
5	0	0	0	0	573	584	
6	0	0	0	0	573	672	
7	0	0	0	0	573	816	
8	0	0	0	0	573	952	
9	0	0	0	0	573	345	
10	0	0	0	0	572	206	
11	0	0	0	0	572	337	
12	0	0	0	0	572	585	
13	0	0	0	0	572	609	
14	0	0	0	0	572	592	
15	0	0	0	0	572	407	
0	0	0	0	0	572	749	
1	0	0	0	0	571	432	
2	0	0	0	0	571	438	
3	0	0	0	0	571	588	
4	0	0	0	0	571	729	
5	0	0	0	0	571	375	
6	0	0	0	0	570	407	
7	0	0	0	0	571	358	
8	0	0	0	0	570	431	
9	0	0	0	0	570	760	
10	0	0	0	0	570	246	
11	0	0	0	0	570	482	
12	0	0	0	0	570	573	
13	0	0	0	0	569	515	
14	0	0	0	0	569	587	
15	0	0	0	0	569	501	
0	0	0	0	0	569	400	
1	0	0	0	0	568	422	
2	0	0	0	0	568	770	
3	0	0	0	0	568	606	
4	0	0	0	0	568	527	
5	0	0	0	0	568	529	
6	0	0	0	0	568	581	
7	0	0	0	0	568	633	
8	0	0	0	0	568	537	
9	0	0	0	0	567	450	
10	0	0	0	0	567	252	
11	0	0	0	0	567	687	
12	0	0	0	0	567	279	
13	0	0	0	0	567	605	
14	0	0	0	0	567	678	
15	0	0	0	0	567	361	
0	0	0	0	0	567	388	
1	0	0	0	0	566	712	
2	0	0	0	0	566	471	
3	0	0	0	0	566	475	
4	0	0	0	0	566	504	
5	0	0	0	0	566	249	
6	0	0	0	0	565	496	
7	0	0	0	0	565	756	
8	0	0	0	0	565	340	
9	0	0	0	0	564	563	
10	0	0	0	0	564	791	
11	0	0	0	0	564	393	
12	0	0	0	0	564	492	
13	0	0	0	0	564	600	
14	0	0	0	0	564	575	
15	0	0	0	0	563	439	
0	0	0	0	0	564	495	
1	0	0	0	0	564	422	
2	0	0	0	0	563	638	
3	0	0	0	0	563	391	
4	0	0	0	0	563	440	
5	0	0	0	0	563	580	
6	0	0	0	0	563	518	
7	0	0	0	0	563	735	
8	0	0	0	0	563	463	
9	0	0	0	0	563	568	
10	0	0	0	0	563	317	
11	0	0	0	0	563	431	
12	0	0	0	0	563	781	
13	0	0	0	0	563	488	
14	0	0	0	0	563	480	
15	0	0	0	0	563	563	
0	0	0	0	0	563	894	
1	0	0	0	0	563	87	
2	0	0	0	0	563	713	
3	0	0	0	0	562	627	
4	0	0	0	0	562	297	
5	0	0	0	0	562	355	
6	0	0	0	0	562	549	
7	0	0	0	0	562	464	
8	0	0	0	0	562	552	
9	0	0	0	0	562	495	
10	0	0	0	0	561	692	
11	0	0	0	0	561	477	
12	0	0	0	0	562	717	
13	0	0	0	0	561	433	
14	0	0	0	0	561	192	
15	0	0	0	0	561	537	
0	0	0	0	0	561	492	
1	0	0	0	0	560	551	
2	0	0	0	0	561	832	
3	0	0	0	0	560	214	
4	0	0	0	0	561	449	
5	0	0	0	0	560	703	
6	0	0	0	0	560	249	
7	0	0	0	0	560	556	
8	0	0	0	0	560	863	
9	0	0	0	0	560	694	
10	0	0	0	0	560	197	
11	0	0	0	0	559	347	
12	0	0	0	0	560	526	
13	0	0	0	0	560	665	
14	0	0	0	0	559	217	
15	0	0	0	0	559	811	
0	0	0	0	0	559	495	
1	0	0	0	0	559	286	
2	0	0	0	0	559	376	
3	0	0	0	0	559	738	
4	0	0	0	0	559	488	
5	0	0	0	0	559	289	
6	0	0	0	0	559	496	
7	0	0	0	0	559	499	
8	0	0	0	0	559	503	
9	0	0	0	0	558	589	
10	0	0	0	0	559	845	
11	0	0	0	0	558	722	
12	0	0	0	0	558	406	
13	0	0	0	0	558	442	
14	0	0	0	0	558	284	
15	0	0	0	0	558	654	
0	0	0	0	0	558	713	
1	0	0	0	0	558	340	
2	0	0	0	0	558	871	
3	0	0	0	0	558	537	
4	0	0	0	0	558	713	
5	0	0	0	0	558	252	
6	0	0	0	0	558	595	
7	0	0	0	0	558	540	
8	0	0	0	0	558	517	
9	0	0	0	0	558	776	
10	0	0	0	0	558	293	
11	0	0	0	0	558	425	
12	0	0	0	0	558	366	
13	0	0	0	0	558	535	
14	0	0	0	0	558	551	
15	0	0	0	0	558	529	
0	0	0	0	0	558	505	
1	0	0	0	0	558	680	
2	0	0	0	0	558	432	
3	0	0	0	0	558	198	
4	0	0	0	0	559	445	
5	0	0	0	0	558	292	
6	0	0	0	0	559	456	
7	0	0	0	0	559	423	
8	0	0	0	0	559	362	
9	0	0	0	0	559	727	
10	0	0	0	0	559	534	
11	0	0	0	0	559	268	
12	0	0	0	0	560	568	
13	0	0	0	0	559	403	
14	0	0	0	0	560	568	
15	0	0	0	0	560	459	
0	0	0	0	0	560	248	
1	0	0	0	0	560	539	
2	0	0	0	0	560	117	
3	0	0	0	0	560	511	
4	0	0	0	0	561	726	
5	0	0	0	0	561	803	
6	0	0	0	0	561	646	
7	0	0	0	0	561	335	
8	0	0	0	0	561	512	
9	0	0	0	0	561	476	
10	0	0	0	0	561	543	
11	0	0	0	0	561	399	
12	0	0	0	0	562	492	
13	0	0	0	0	562	617	
14	0	0	0	0	562	384	
15	0	0	0	0	562	586	
0	0	0	0	0	563	899	
1	0	0	0	0	563	268	
2	0	0	0	0	563	448	
3	0	0	0	0	563	230	
4	0	0	0	0	563	448	
5	0	0	0	0	563	1018	
6	0	0	0	0	563	381	
7	0	0	0	0	564	749	
8	0	0	0	0	564	440	
9	0	0	0	0	564	225	
10	0	0	0	0	564	555	
11	0	0	0	0	564	657	
12	0	0	0	0	565	535	
13	0	0	0	0	565	225	
14	0	0	0	0	565	693	
15	0	0	0	0	566	337	
0	0	0	0	0	566	771	
1	0	0	0	0	566	847	
2	0	0	0	0	566	289	
3	0	0	0	0	567	711	
4	0	0	0	0	567	423	
5	0	0	0	0	567	285	
6	0	0	0	0	567	557	
7	0	0	0	0	568	500	
8	0	0	0	0	568	373	
9	0	0	0	0	568	542	
10	0	0	0	0	568	679	
11	0	0	0	0	569	243	
12	0	0	0	0	569	764	
13	0	0	0	0	569	670	
14	0	0	0	0	569	539	
15	0	0	0	0	570	484	
0	0	0	0	0	571	342	
1	0	0	0	0	571	877	
2	0	0	0	0	571	953	
3	0	0	0	0	571	403	
4	0	0	0	0	572	546	
5	0	0	0	0	572	441	
6	0	0	0	0	572	413	
7	0	0	0	0	573	455	
8	0	0	0	0	573	807	
9	0	0	0	0	573	646	
10	0	0	0	0	574	457	
11	0	0	0	0	574	397	
12	0	0	0	0	575	535	
13	0	0	0	0	575	739	
14	0	0	0	0	575	379	
15	0	0	0	0	575	288	
0	0	0	0	0	576	543	
1	0	0	0	0	576	623	
2	0	0	0	0	576	725	
3	0	0	0	0	577	446	
4	0	0	0	0	577	376	
5	0	0	0	0	578	157	
6	0	0	0	0	578	377	
7	0	0	0	0	578	549	
8	0	0	0	0	579	523	
9	0	0	0	0	579	565	
10	0	0	0	0	579	197	
11	0	0	0	0	579	602	
12	0	0	0	0	580	568	
13	0	0	0	0	580	476	
14	0	0	0	0	581	611	
15	0	0	0	0	581	269	
0	0	0	0	0	582	681	
1	0	0	0	0	582	508	
2	0	0	0	0	582	278	
3	0	0	0	0	582	339	
4	0	0	0	0	583	625	
5	0	0	0	0	583	540	
6	0	0	0	0	583	527	
7	0	0	0	0	583	473	
8	0	0	0	0	583	467	
9	0	0	0	0	583	372	
10	0	0	0	0	584	551	
11	0	0	0	0	584	420	
12	0	0	0	0	584	698	
13	0	0	0	0	584	507	
14	0	0	0	0	584	396	
15	0	0	0	0	585	812	
0	0	0	0	0	584	317	
1	0	0	0	0	585	366	
2	0	0	0	0	585	806	
3	0	0	0	0	585	311	
4	0	0	0	0	585	423	
5	0	0	0	0	585	622	
6	0	0	0	0	585	212	
7	0	0	0	0	586	832	
8	0	0	0	0	586	405	
9	0	0	0	0	586	767	
10	0	0	0	0	586	455	
11	0	0	0	0	586	491	
12	0	0	0	0	586	320	
13	0	0	0	0	586	387	
14	0	0	0	0	586	581	
15	0	0	0	0	586	391	
0	0	0	0	0	587	652	
1	0	0	0	0	586	431	
2	0	0	0	0	586	379	
3	0	0	0	0	587	417	
4	0	0	0	0	587	957	
5	0	0	0	0	586	220	
6	0	0	0	0	586	527	
7	0	0	0	0	586	563	
8	0	0	0	0	587	520	
9	0	0	0	0	586	620	
10	0	0	0	0	586	653	
11	0	0	0	0	586	397	
12	0	0	0	0	587	435	
13	0	0	0	0	587	548	
14	0	0	0	0	586	695	
15	0	0	0	0	587	711	
0	0	0	0	0	587	670	
1	0	0	0	0	586	372	
2	0	0	0	0	586	538	
3	0	0	0	0	586	419	
4	0	0	0	0	586	361	
5	0	0	0	0	587	630	
6	0	0	0	0	586	885	
7	0	0	0	0	586	228	
8	0	0	0	0	586	790	
9	0	0	0	0	586	467	
10	0	0	0	0	585	359	
11	0	0	0	0	585	635	
12	0	0	0	0	585	579	
13	0	0	0	0	585	532	
14	0	0	0	0	585	337	
15	0	0	0	0	585	538	
0	0	0	0	0	585	527	
1	0	0	0	0	585	576	
2	0	0	0	0	585	484	
3	0	0	0	0	585	452	
4	0	0	0	0	585	456	
5	0	0	0	0	585	449	
6	0	0	0	0	585	514	
7	0	0	0	0	584	254	
8	0	0	0	0	585	715	
9	0	0	0	0	584	543	
10	0	0	0	0	584	280	
11	0	0	0	0	584	415	
12	0	0	0	0	584	381	
13	0	0	0	0	584	273	
14	0	0	0	0	584	975	
15	0	0	0	0	584	649	
0	0	0	0	0	584	247	
1	0	0	0	0	584	521	
2	0	0	0	0	584	404	
3	0	0	0	0	584	769	
4	0	0	0	0	584	608	
5	0	0	0	0	583	278	
6	0	0	0	0	583	676	
7	0	0	0	0	583	466	
8	0	0	0	0	583	519	
9	0	0	0	0	583	569	
10	0	0	0	0	583	670	
11	0	0	0	0	582	384	
12	0	0	0	0	582	302	
13	0	0	0	0	582	494	
14	0	0	0	0	582	615	
15	0	0	0	0	581	227	
0	0	0	0	0	581	388	
1	0	0	0	0	581	748	
2	0	0	0	0	581	481	
3	0	0	0	0	580	284	
4	0	0	0	0	580	671	
5	0	0	0	0	580	594	
6	0	0	0	0	579	397	
7	0	0	0	0	579	291	
8	0	0	0	0	579	706	
9	0	0	0	0	579	650	
10	0	0	0	0	579	641	
11	0	0	0	0	578	456	
12	0	0	0	0	578	607	
13	0	0	0	0	577	435	
14	0	0	0	0	577	470	
15	0	0	0	0	577	577	
0	0	0	0	0	576	524	
1	0	0	0	0	576	432	
2	0	0	0	0	576	542	
3	0	0	0	0	575	304	
4	0	0	0	0	575	448	
5	0	0	0	0	575	607	
6	0	0	0	0	575	578	
7	0	0	0	0	574	593	
8	0	0	0	0	574	554	
9	0	0	0	0	574	414	
10	0	0	0	0	573	512	
11	0	0	0	0	573	471	
12	0	0	0	0	572	163	
13	0	0	0	0	572	294	
14	0	0	0	0	572	377	
15	0	0	0	0	572	676	
0	0	0	0	0	572	668	
1	0	0	0	0	571	392	
2	0	0	0	0	571	465	
3	0	0	0	0	570	680	
4	0	0	0	0	570	500	
5	0	0	0	0	569	701	
6	0	0	0	0	569	429	
7	0	0	0	0	569	312	
8	0	0	0	0	568	540	
9	0	0	0	0	568	662	
10	0	0	0	0	568	651	
11	0	0	0	0	567	408	
12	0	0	0	0	567	532	
13	0	0	0	0	566	385	
14	0	0	0	0	566	561	
15	0	0	0	0	566	708	
0	0	0	0	0	565	528	
1	0	0	0	0	565	396	
2	0	0	0	0	564	608	
3	0	0	0	0	564	804	
4	0	0	0	0	564	531	
5	0	0	0	0	563	273	
6	0	0	0	0	563	450	
7	0	0	0	0	563	568	
8	0	0	0	0	563	566	
9	0	0	0	0	562	820	
10	0	0	0	0	562	533	
11	0	0	0	0	561	735	
12	0	0	0	0	561	546	
13	0	0	0	0	561	449	
14	0	0	0	0	561	575	
15	0	0	0	0	560	664	
0	0	0	0	0	560	536	
1	0	0	0	0	560	365	
2	0	0	0	0	559	585	
3	0	0	0	0	559	265	
4	0	0	0	0	559	592	
5	0	0	0	0	558	583	
6	0	0	0	0	558	529	
7	0	0	0	0	558	657	
8	0	0	0	0	558	486	
9	0	0	0	0	557	517	
10	0	0	0	0	557	603	
11	0	0	0	0	556	482	
12	0	0	0	0	556	367	
13	0	0	0	0	556	368	
14	0	0	0	0	555	617	
15	0	0	0	0	555	375	
0	0	0	0	0	555	287	
1	0	0	0	0	554	643	
2	0	0	0	0	554	230	
3	0	0	0	0	553	563	
4	0	0	0	0	553	476	
5	0	0	0	0	553	372	
6	0	0	0	0	553	324	
7	0	0	0	0	552	646	
8	0	0	0	0	552	354	
9	0	0	0	0	552	577	
10	0	0	0	0	551	354	
11	0	0	0	0	551	512	
12	0	0	0	0	551	773	
13	0	0	0	0	551	623	
14	0	0	0	0	551	259	
15	0	0	0	0	550	488	
0	0	0	0	0	550	390	
1	0	0	0	0	550	200	
2	0	0	0	0	550	643	
3	0	0	0	0	549	655	
4	0	0	0	0	550	450	
5	0	0	0	0	549	553	
6	0	0	0	0	548	533	
7	0	0	0	0	548	259	
8	0	0	0	0	549	487	
9	0	0	0	0	548	939	
10	0	0	0	0	548	346	
11	0	0	0	0	547	432	
12	0	0	0	0	547	677	
13	0	0	0	0	547	525	
14	0	0	0	0	547	464	
15	0	0	0	0	547	364	
0	0	0	0	0	547	687	
1	0	0	0	0	547	178	
2	0	0	0	0	547	580	
3	0	0	0	0	546	578	
4	0	0	0	0	546	543	
5	0	0	0	0	546	641	
6	0	0	0	0	546	673	
7	0	0	0	0	546	464	
8	0	0	0	0	546	380	
9	0	0	0	0	545	575	
10	0	0	0	0	545	420	
11	0	0	0	0	545	689	
12	0	0	0	0	545	464	
13	0	0	0	0	545	747	
14	0	0	0	0	545	424	
15	0	0	0	0	544	565	
0	0	0	0	0	545	477	
1	0	0	0	0	545	442	
2	0	0	0	0	544	555	
3	0	0	0	0	544	866	
4	0	0	0	0	544	762	
5	0	0	0	0	544	287	
6	0	0	0	0	544	551	
7	0	0	0	0	544	434	
8	0	0	0	0	544	518	
9	0	0	0	0	544	767	
10	0	0	0	0	544	655	
11	0	0	0	0	544	697	
12	0	0	0	0	544	221	
13	0	0	0	0	543	379	
14	0	0	0	0	544	769	
15	0	0	0	0	544	561	
0	0	0	0	0	544	786	
1	0	0	0	0	543	424	
2	0	0	0	0	543	471	
3	0	0	0	0	543	631	
4	0	0	0	0	544	399	
5	0	0	0	0	543	400	
6	0	0	0	0	543	721	
7	0	0	0	0	543	289	
8	0	0	0	0	543	318	
9	0	0	0	0	543	701	
10	0	0	0	0	543	206	
11	0	0	0	0	543	499	
12	0	0	0	0	543	702	
13	0	0	0	0	543	445	
14	0	0	0	0	543	328	
15	0	0	0	0	543	845	
0	0	0	0	0	543	343	
1	0	0	0	0	543	451	
2	0	0	0	0	543	199	
3	0	0	0	0	543	790	
4	0	0	0	0	543	737	
5	0	0	0	0	542	471	
6	0	0	0	0	542	591	
7	0	0	0	0	542	463	
8	0	0	0	0	542	332	
9	0	0	0	0	542	603	
10	0	0	0	0	542	507	
11	0	0	0	0	542	671	
12	0	0	0	0	542	168	
13	0	0	0	0	542	462	
14	0	0	0	0	542	658	
15	0	0	0	0	542	579	
0	0	0	0	0	542	353	
1	0	0	0	0	541	516	
2	0	0	0	0	542	457	
3	0	0	0	0	541	572	
4	0	0	0	0	541	422	
5	0	0	0	0	541	498	
6	0	0	0	0	541	478	
7	0	0	0	0	541	517	
8	0	0	0	0	541	368	
9	0	0	0	0	541	472	
10	0	0	0	0	541	321	
11	0	0	0	0	540	332	
12	0	0	0	0	540	395	
13	0	0	0	0	540	551	
14	0	0	0	0	540	593	
15	0	0	0	0	540	543	
0	0	0	0	0	540	534	
1	0	0	0	0	540	434	
2	0	0	0	0	539	82	
3	0	0	0	0	540	607	
4	0	0	0	0	540	784	
5	0	0	0	0	539	535	
6	0	0	0	0	539	465	
7	0	0	0	0	539	566	
8	0	0	0	0	539	249	
9	0	0	0	0	538	505	
10	0	0	0	0	538	614	
11	0	0	0	0	538	393	
12	0	0	0	0	538	548	
13	0	0	0	0	537	340	
14	0	0	0	0	537	227	
15	0	0	0	0	537	586	
0	0	0	0	0	537	768	
1	0	0	0	0	537	529	
2	0	0	0	0	537	400	
3	0	0	0	0	537	297	
4	0	0	0	0	537	359	
5	0	0	0	0	536	588	
6	0	0	0	0	536	417	
7	0	0	0	0	536	882	
8	0	0	0	0	536	514	
9	0	0	0	0	536	302	
10	0	0	0	0	536	373	
11	0	0	0	0	536	640	
12	0	0	0	0	536	458	
13	0	0	0	0	535	521	
14	0	0	0	0	535	661	
15	0	0	0	0	535	490	
0	0	0	0	0	535	262	
1	0	0	0	0	535	518	
2	0	0	0	0	534	691	
3	0	0	0	0	534	459	
4	0	0	0	0	534	234	
5	0	0	0	0	533	696	
6	0	0	0	0	533	802	
7	0	0	0	0	533	751	
8	0	0	0	0	533	456	
9	0	0	0	0	532	535	
10	0	0	0	0	532	383	
11	0	0	0	0	532	484	
12	0	0	0	0	532	524	
13	0	0	0	0	531	1018	
14	0	0	0	0	531	406	
15	0	0	0	0	530	443	
0	0	0	0	0	530	375	
1	0	0	0	0	530	570	
2	0	0	0	0	529	587	
3	0	0	0	0	529	399	
4	0	0	0	0	529	655	
5	0	0	0	0	529	413	
6	0	0	0	0	528	596	
7	0	0	0	0	528	515	
8	0	0	0	0	528	491	
9	0	0	0	0	527	419	
10	0	0	0	0	527	1018	
11	0	0	0	0	527	422	
12	0	0	0	0	527	403	
13	0	0	0	0	526	804	
14	0	0	0	0	526	543	
15	0	0	0	0	526	605	
0	0	0	0	0	526	726	
1	0	0	0	0	525	758	
2	0	0	0	0	524	113	
3	0	0	0	0	524	266	
4	0	0	0	0	524	508	
5	0	0	0	0	524	1018	
6	0	0	0	0	523	837	
7	0	0	0	0	523	159	
8	0	0	0	0	523	711	
9	0	0	0	0	522	255	
10	0	0	0	0	522	699	
11	0	0	0	0	521	464	
12	0	0	0	0	521	225	
13	0	0	0	0	521	678	
14	0	0	0	0	521	548	
15	0	0	0	0	520	110	
0	0	0	0	0	520	361	
1	0	0	0	0	519	523	
2	0	0	0	0	519	595	
3	0	0	0	0	519	544	
4	0	0	0	0	519	570	
5	0	0	0	0	519	480	
6	0	0	0	0	518	696	
7	0	0	0	0	518	185	
8	0	0	0	0	518	355	
9	0	0	0	0	517	584	
10	0	0	0	0	517	848	
11	0	0	0	0	517	511	
12	0	0	0	0	517	494	
13	0	0	0	0	516	672	
14	0	0	0	0	516	475	
15	0	0	0	0	516	523	
0	0	0	0	0	516	678	
1	0	0	0	0	516	443	
2	0	0	0	0	515	552	
3	0	0	0	0	516	318	
4	0	0	0	0	516	544	
5	0	0	0	0	515	560	
6	0	0	0	0	515	534	
7	0	0	0	0	515	516	
8	0	0	0	0	515	374	
9	0	0	0	0	515	490	
10	0	0	0	0	515	294	
11	0	0	0	0	515	413	
12	0	0	0	0	515	700	
13	0	0	0	0	515	688	
14	0	0	0	0	515	424	
15	0	0	0	0	515	598	
0	0	0	0	0	515	537	
1	0	0	0	0	515	587	
2	0	0	0	0	515	361	
3	0	0	0	0	515	373	
4	0	0	0	0	515	688	
5	0	0	0	0	515	417	
6	0	0	0	0	515	401	
7	0	0	0	0	515	367	
8	0	0	0	0	515	376	
9	0	0	0	0	515	564	
10	0	0	0	0	514	165	
11	0	0	0	0	515	355	
12	0	0	0	0	515	441	
13	0	0	0	0	515	642	
14	0	0	0	0	515	305	
15	0	0	0	0	515	773	
0	0	0	0	0	515	23	
1	0	0	0	0	514	422	
2	0	0	0	0	515	849	
3	0	0	0	0	515	321	
4	0	0	0	0	515	494	
5	0	0	0	0	515	339	
6	0	0	0	0	515	400	
7	0	0	0	0	515	556	
8	0	0	0	0	515	606	
9	0	0	0	0	515	747	
10	0	0	0	0	515	348	
11	0	0	0	0	515	728	
12	0	0	0	0	515	313	
13	0	0	0	0	515	475	
14	0	0	0	0	515	545	
15	0	0	0	0	515	571	
0	0	0	0	0	515	520	
1	0	0	0	0	515	808	
2	0	0	0	0	516	509	
3	0	0	0	0	515	339	
4	0	0	0	0	516	515	
5	0	0	0	0	516	427	
6	0	0	0	0	516	389	
7	0	0	0	0	516	476	
8	0	0	0	0	516	566	
9	0	0	0	0	516	962	
10	0	0	0	0	516	516	
11	0	0	0	0	516	420	
12	0	0	0	0	517	404	
13	0	0	0	0	516	398	
14	0	0	0	0	517	532	
15	0	0	0	0	517	282	
0	0	0	0	0	517	647	
1	0	0	0	0	517	440	
2	0	0	0	0	517	355	
3	0	0	0	0	517	519	
4	0	0	0	0	517	377	
5	0	0	0	0	517	704	
6	0	0	0	0	517	654	
7	0	0	0	0	518	555	
8	0	0	0	0	518	264	
9	0	0	0	0	518	395	
10	0	0	0	0	518	652	
11	0	0	0	0	518	611	
12	0	0	0	0	518	400	
13	0	0	0	0	518	582	
14	0	0	0	0	518	590	
15	0	0	0	0	519	855	
0	0	0	0	0	519	603	
1	0	0	0	0	519	552	
2	0	0	0	0	519	327	
3	0	0	0	0	519	516	
4	0	0	0	0	519	175	
5	0	0	0	0	519	499	
6	0	0	0	0	519	670	
7	0	0	0	0	519	589	
8	0	0	0	0	519	851	
9	0	0	0	0	519	292	
10	0	0	0	0	519	975	
11	0	0	0	0	519	271	
12	0	0	0	0	520	493	
13	0	0	0	0	519	683	
14	0	0	0	0	519	281	
15	0	0	0	0	519	488	
0	0	0	0	0	520	928	
1	0	0	0	0	520	713	
2	0	0	0	0	520	662	
3	0	0	0	0	519	506	
4	0	0	0	0	520	771	
5	0	0	0	0	519	436	
6	0	0	0	0	519	283	
7	0	0	0	0	519	476	
8	0	0	0	0	519	481	
9	0	0	0	0	519	612	
10	0	0	0	0	519	652	
11	0	0	0	0	519	831	
12	0	0	0	0	519	329	
13	0	0	0	0	519	248	
14	0	0	0	0	519	777	
15	0	0	0	0	519	713	
0	0	0	0	0	519	804	
1	0	0	0	0	519	864	
2	0	0	0	0	519	423	
3	0	0	0	0	519	851	
4	0	0	0	0	519	611	
5	0	0	0	0	519	777	
6	0	0	0	0	519	829	
7	0	0	0	0	519	664	
8	0	0	0	0	519	453	
9	0	0	0	0	519	818	
10	0	0	0	0	518	847	
11	0	0	0	0	518	655	
12	0	0	0	0	518	466	
13	0	0	0	0	518	385	
14	0	0	0	0	518	678	
15	0	0	0	0	518	655	
0	0	0	0	0	518	612	
1	0	0	0	0	518	425	
2	0	0	0	0	518	604	
3	0	0	0	0	518	499	
4	0	0	0	0	518	726	
5	0	0	0	0	517	170	
6	0	0	0	0	517	517	
7	0	0	0	0	517	312	
8	0	0	0	0	517	498	
9	0	0	0	0	516	591	
10	0	0	0	0	516	0	
11	0	0	0	0	516	594	
12	0	0	0	0	516	304	
13	0	0	0	0	516	315	
14	0	0	0	0	516	584	
15	0	0	0	0	515	237	
0	0	0	0	0	515	447	
1	0	0	0	0	515	468	
2	0	0	0	0	515	377	
3	0	0	0	0	515	437	
4	0	0	0	0	515	814	
5	0	0	0	0	515	637	
6	0	0	0	0	514	335	
7	0	0	0	0	514	742	
8	0	0	0	0	514	668	
9	0	0	0	0	514	289	
10	0	0	0	0	513	454	
11	0	0	0	0	513	233	
12	0	0	0	0	514	532	
13	0	0	0	0	513	326	
14	0	0	0	0	513	419	
15	0	0	0	0	513	512	
0	0	0	0	0	513	319	
1	0	0	0	0	513	310	
2	0	0	0	0	512	311	
3	0	0	0	0	512	610	
4	0	0	0	0	513	710	
5	0	0	0	0	512	411	
6	0	0	0	0	512	578	
7	0	0	0	0	512	464	
8	0	0	0	0	512	307	
9	0	0	0	0	511	360	
10	0	0	0	0	511	540	
11	0	0	0	0	511	508	
12	0	0	0	0	511	478	
13	0	0	0	0	511	435	
14	0	0	0	0	511	491	
15	0	0	0	0	510	415	
0	0	0	0	0	510	476	
1	0	0	0	0	510	753	
2	0	0	0	0	510	310	
3	0	0	0	0	510	468	
4	0	0	0	0	510	779	
5	0	0	0	0	509	403	
6	0	0	0	0	509	279	
7	0	0	0	0	509	685	
8	0	0	0	0	509	562	
9	0	0	0	0	508	702	
10	0	0	0	0	508	617	
11	0	0	0	0	508	269	
12	0	0	0	0	508	478	
13	0	0	0	0	508	691	
14	0	0	0	0	508	800	
15	0	0	0	0	508	560	
0	0	0	0	0	508	823	
1	0	0	0	0	507	486	
2	0	0	0	0	507	617	
3	0	0	0	0	507	640	
4	0	0	0	0	507	575	
5	0	0	0	0	506	699	
6	0	0	0	0	506	463	
7	0	0	0	0	506	312	
8	0	0	0	0	506	639	
9	0	0	0	0	505	218	
10	0	0	0	0	505	571	
11	0	0	0	0	505	532	
12	0	0	0	0	505	515	
13	0	0	0	0	505	410	
14	0	0	0	0	504	467	
15	0	0	0	0	504	427	
0	0	0	0	0	504	401	
1	0	0	0	0	504	356	
2	0	0	0	0	504	439	
3	0	0	0	0	504	649	
4	0	0	0	0	504	465	
5	0	0	0	0	503	534	
6	0	0	0	0	503	516	
7	0	0	0	0	503	403	
8	0	0	0	0	503	395	
9	0	0	0	0	503	504	
10	0	0	0	0	502	449	
11	0	0	0	0	502	212	
12	0	0	0	0	502	404	
13	0	0	0	0	501	593	
14	0	0	0	0	501	509	
15	0	0	0	0	501	428	
0	0	0	0	0	501	217	
1	0	0	0	0	500	340	
2	0	0	0	0	500	613	
3	0	0	0	0	500	209	
4	0	0	0	0	500	484	
5	0	0	0	0	499	290	
6	0	0	0	0	499	331	
7	0	0	0	0	499	360	
8	0	0	0	0	499	497	
9	0	0	0	0	499	475	
10	0	0	0	0	498	158	
11	0	0	0	0	498	488	
12	0	0	0	0	498	589	
13	0	0	0	0	497	359	
14	0	0	0	0	497	669	
15	0	0	0	0	497	755	
0	0	0	0	0	497	274	
1	0	0	0	0	497	670	
2	0	0	0	0	496	379	
3	0	0	0	0	496	591	
4	0	0	0	0	496	636	
5	0	0	0	0	496	463	
6	0	0	0	0	495	455	
7	0	0	0	0	495	391	
8	0	0	0	0	495	698	
9	0	0	0	0	494	340	
10	0	0	0	0	494	463	
11	0	0	0	0	494	907	
12	0	0	0	0	494	579	
13	0	0	0	0	493	344	
14	0	0	0	0	492	456	
15	0	0	0	0	492	398	
0	0	0	0	0	492	363	
1	0	0	0	0	492	621	
2	0	0	0	0	491	475	
3	0	0	0	0	491	269	
4	0	0	0	0	491	533	
5	0	0	0	0	490	500	
6	0	0	0	0	490	571	
7	0	0	0	0	489	419	
8	0	0	0	0	489	466	
9	0	0	0	0	488	504	
10	0	0	0	0	488	754	
11	0	0	0	0	487	686	
12	0	0	0	0	487	501	
13	0	0	0	0	487	466	
14	0	0	0	0	486	297	
15	0	0	0	0	486	585	
0	0	0	0	0	486	722	
1	0	0	0	0	485	421	
2	0	0	0	0	484	653	
3	0	0	0	0	484	785	
4	0	0	0	0	483	313	
5	0	0	0	0	483	196	
6	0	0	0	0	483	526	
7	0	0	0	0	482	139	
8	0	0	0	0	481	327	
9	0	0	0	0	481	438	
10	0	0	0	0	481	566	
11	0	0	0	0	480	700	
12	0	0	0	0	480	598	
13	0	0	0	0	479	407	
14	0	0	0	0	479	399	
15	0	0	0	0	478	643	
0	0	0	0	0	478	360	
1	0	0	0	0	477	703	
2	0	0	0	0	477	507	
3	0	0	0	0	476	687	
4	0	0	0	0	476	270	
5	0	0	0	0	476	558	
6	0	0	0	0	475	591	
7	0	0	0	0	474	599	
8	0	0	0	0	474	553	
9	0	0	0	0	473	404	
10	0	0	0	0	472	89	
11	0	0	0	0	472	440	
12	0	0	0	0	472	717	
13	0	0	0	0	471	809	
14	0	0	0	0	470	119	
15	0	0	0	0	470	743	
0	0	0	0	0	470	731	
1	0	0	0	0	469	584	
2	0	0	0	0	468	212	
3	0	0	0	0	468	686	
4	0	0	0	0	467	824	
5	0	0	0	0	467	174	
6	0	0	0	0	466	438	
7	0	0	0	0	466	718	
8	0	0	0	0	466	546	
9	0	0	0	0	465	677	
10	0	0	0	0	464	192	
11	0	0	0	0	464	396	
12	0	0	0	0	464	544	
13	0	0	0	0	463	803	
14	0	0	0	0	463	587	
15	0	0	0	0	462	612	
0	0	0	0	0	462	15	
1	0	0	0	0	461	446	
2	0	0	0	0	461	874	
3	0	0	0	0	460	326	
4	0	0	0	0	460	395	
5	0	0	0	0	460	886	
6	0	0	0	0	459	293	
7	0	0	0	0	459	583	
8	0	0	0	0	459	640	
9	0	0	0	0	457	478	
10	0	0	0	0	457	647	
11	0	0	0	0	457	478	
12	0	0	0	0	457	462	
13	0	0	0	0	456	478	
14	0	0	0	0	456	736	
15	0	0	0	0	455	460	
0	0	0	0	0	455	530	
1	0	0	0	0	455	752	
2	0	0	0	0	454	347	
3	0	0	0	0	454	262	
4	0	0	0	0	454	554	
5	0	0	0	0	453	435	
6	0	0	0	0	452	434	
7	0	0	0	0	452	593	
8	0	0	0	0	452	486	
9	0	0	0	0	451	192	
10	0	0	0	0	451	601	
11	0	0	0	0	451	210	
12	0	0	0	0	451	621	
13	0	0	0	0	450	515	
14	0	0	0	0	449	332	
15	0	0	0	0	450	723	
0	0	0	0	0	449	255	
1	0	0	0	0	449	625	
2	0	0	0	0	449	564	
3	0	0	0	0	448	598	
4	0	0	0	0	448	709	
5	0	0	0	0	448	635	
6	0	0	0	0	448	410	
7	0	0	0	0	447	294	
8	0	0	0	0	447	644	
9	0	0	0	0	447	509	
10	0	0	0	0	447	801	
11	0	0	0	0	446	356	
12	0	0	0	0	446	603	
13	0	0	0	0	446	589	
14	0	0	0	0	446	372	
15	0	0	0	0	446	702	
0	0	0	0	0	446	571	
1	0	0	0	0	445	97	
2	0	0	0	0	445	631	
3	0	0	0	0	445	507	
4	0	0	0	0	445	664	
5	0	0	0	0	444	564	
6	0	0	0	0	444	427	
7	0	0	0	0	444	130	
8	0	0	0	0	444	451	
9	0	0	0	0	444	697	
10	0	0	0	0	444	403	
11	0	0	0	0	444	427	
12	0	0	0	0	444	667	
13	0	0	0	0	444	228	
14	0	0	0	0	443	316	
15	0	0	0	0	444	525	
0	0	0	0	0	444	524	
1	0	0	0	0	444	517	
2	0	0	0	0	443	940	
3	0	0	0	0	443	202	
4	0	0	0	0	444	410	
5	0	0	0	0	443	486	
6	0	0	0	0	443	563	
7	0	0	0	0	443	640	
8	0	0	0	0	444	577	
9	0	0	0	0	443	344	
10	0	0	0	0	443	321	
11	0	0	0	0	444	806	
12	0	0	0	0	444	427	
13	0	0	0	0	444	308	
14	0	0	0	0	443	393	
15	0	0	0	0	444	748	
0	0	0	0	0	444	643	
1	0	0	0	0	444	274	
2	0	0	0	0	444	479	
3	0	0	0	0	444	484	
4	0	0	0	0	444	445	
5	0	0	0	0	444	781	
6	0	0	0	0	444	194	
7	0	0	0	0	444	219	
8	0	0	0	0	444	775	
9	0	0	0	0	444	334	
10	0	0	0	0	444	401	
11	0	0	0	0	444	547	
12	0	0	0	0	444	390	
13	0	0	0	0	444	506	
14	0	0	0	0	444	475	
15	0	0	0	0	444	509	
0	0	0	0	0	444	773	
1	0	0	0	0	444	437	
2	0	0	0	0	444	422	
3	0	0	0	0	444	515	
4	0	0	0	0	444	482	
5	0	0	0	0	444	337	
6	0	0	0	0	444	630	
7	0	0	0	0	444	429	
8	0	0	0	0	444	777	
9	0	0	0	0	444	321	
10	0	0	0	0	444	226	
11	0	0	0	0	444	532	
12	0	0	0	0	444	374	
13	0	0	0	0	444	543	
14	0	0	0	0	444	979	
15	0	0	0	0	444	403	
0	0	0	0	0	445	514	
1	0	0	0	0	444	491	
2	0	0	0	0	445	515	
3	0	0	0	0	445	732	
4	0	0	0	0	445	652	
5	0	0	0	0	444	366	
6	0	0	0	0	445	637	
7	0	0	0	0	445	752	
8	0	0	0	0	445	633	
9	0	0	0	0	445	634	
10	0	0	0	0	445	443	
11	0	0	0	0	445	470	
12	0	0	0	0	445	777	
13	0	0	0	0	445	448	
14	0	0	0	0	445	504	
15	0	0	0	0	445	326	
0	0	0	0	0	445	521	
1	0	0	0	0	445	305	
2	0	0	0	0	445	873	
3	0	0	0	0	445	400	
4	0	0	0	0	445	507	
5	0	0	0	0	445	619	
6	0	0	0	0	444	436	
7	0	0	0	0	445	369	
8	0	0	0	0	445	571	
9	0	0	0	0	445	650	
10	0	0	0	0	444	492	
11	0	0	0	0	444	304	
12	0	0	0	0	445	635	
13	0	0	0	0	445	428	
14	0	0	0	0	444	224	
15	0	0	0	0	445	466	
0	0	0	0	0	445	570	
1	0	0	0	0	444	488	
2	0	0	0	0	444	641	
3	0	0	0	0	444	806	
4	0	0	0	0	444	264	
5	0	0	0	0	444	245	
6	0	0	0	0	445	549	
7	0	0	0	0	444	475	
8	0	0	0	0	445	471	
9	0	0	0	0	444	779	
10	0	0	0	0	444	345	
11	0	0	0	0	444	442	
12	0	0	0	0	444	167	
13	0	0	0	0	444	647	
14	0	0	0	0	444	352	
15	0	0	0	0	443	700	
0	0	0	0	0	444	397	
1	0	0	0	0	443	459	
2	0	0	0	0	443	534	
3	0	0	0	0	443	365	
4	0	0	0	0	443	515	
5	0	0	0	0	443	399	
6	0	0	0	0	443	652	
7	0	0	0	0	442	622	
8	0	0	0	0	442	383	
9	0	0	0	0	441	82	
10	0	0	0	0	441	599	
11	0	0	0	0	441	561	
12	0	0	0	0	441	462	
13	0	0	0	0	441	493	
14	0	0	0	0	441	556	
15	0	0	0	0	440	335	
0	0	0	0	0	440	333	
1	0	0	0	0	441	590	
2	0	0	0	0	440	402	
3	0	0	0	0	440	702	
4	0	0	0	0	440	768	
5	0	0	0	0	440	265	
6	0	0	0	0	440	285	
7	0	0	0	0	439	689	
8	0	0	0	0	439	897	
9	0	0	0	0	439	432	
10	0	0	0	0	438	312	
11	0	0	0	0	438	739	
12	0	0	0	0	438	531	
13	0	0	0	0	438	248	
14	0	0	0	0	438	825	
15	0	0	0	0	437	222	
0	0	0	0	0	437	569	
1	0	0	0	0	437	758	
2	0	0	0	0	437	363	
3	0	0	0	0	436	204	
4	0	0	0	0	436	828	
5	0	0	0	0	436	820	
6	0	0	0	0	436	408	
7	0	0	0	0	436	540	
8	0	0	0	0	435	238	
9	0	0	0	0	435	540	
10	0	0	0	0	435	946	
11	0	0	0	0	435	689	
12	0	0	0	0	435	857	
13	0	0	0	0	435	488	
14	0	0	0	0	435	528	
15	0	0	0	0	434	406	
0	0	0	0	0	434	438	
1	0	0	0	0	434	457	
2	0	0	0	0	433	622	
3	0	0	0	0	433	355	
4	0	0	0	0	433	770	
5	0	0	0	0	433	402	
6	0	0	0	0	433	412	
7	0	0	0	0	433	365	
8	0	0	0	0	433	435	
9	0	0	0	0	433	604	
10	0	0	0	0	432	608	
11	0	0	0	0	432	745	
12	0	0	0	0	432	359	
13	0	0	0	0	432	534	
14	0	0	0	0	432	460	
15	0	0	0	0	432	451	
0	0	0	0	0	432	642	
1	0	0	0	0	432	651	
2	0	0	0	0	432	591	
3	0	0	0	0	432	129	
4	0	0	0	0	432	533	
5	0	0	0	0	432	519	
6	0	0	0	0	431	442	
7	0	0	0	0	432	512	
8	0	0	0	0	431	668	
9	0	0	0	0	431	398	
10	0	0	0	0	431	457	
11	0	0	0	0	431	419	
12	0	0	0	0	431	352	
13	0	0	0	0	431	421	
14	0	0	0	0	430	937	
15	0	0	0	0	430	389	
0	0	0	0	0	430	397	
1	0	0	0	0	430	404	
2	0	0	0	0	430	530	
3	0	0	0	0	430	422	
4	0	0	0	0	430	628	
5	0	0	0	0	430	596	
6	0	0	0	0	429	103	
7	0	0	0	0	429	435	
8	0	0	0	0	429	171	
9	0	0	0	0	429	636	
10	0	0	0	0	429	447	
11	0	0	0	0	429	416	
12	0	0	0	0	429	925	
13	0	0	0	0	428	529	
14	0	0	0	0	428	0	
15	0	0	0	0	428	1018	
0	0	0	0	0	428	0	
1	0	0	0	0	428	99	
2	0	0	0	0	428	863	
3	0	0	0	0	428	527	
4	0	0	0	0	428	948	
5	0	0	0	0	427	0	
6	0	0	0	0	428	1018	
7	0	0	0	0	427	307	
8	0	0	0	0	428	697	
9	0	0	0	0	427	238	
10	0	0	0	0	427	1018	
11	0	0	0	0	427	1018	
12	0	0	0	0	427	0	
13	0	0	0	0	427	546	
14	0	0	0	0	426	427	
15	0	0	0	0	427	777	
0	0	0	0	0	427	0	
1	0	0	0	0	426	1018	
2	0	0	0	0	426	527	
3	0	0	0	0	427	0	
4	0	0	0	0	427	616	
5	0	0	0	0	426	80	
6	0	0	0	0	426	449	
7	0	0	0	0	426	623	
8	0	0	0	0	427	522	
9	0	0	0	0	427	444	
10	0	0	0	0	427	732	
11	0	0	0	0	427	834	
12	0	0	0	0	427	433	
13	0	0	0	0	427	0	
14	0	0	0	0	427	960	
15	0	0	0	0	427	390	
0	0	0	0	0	427	200	
1	0	0	0	0	427	908	
2	0	0	0	0	427	554	
3	0	0	0	0	427	438	
4	0	0	0	0	428	369	
5	0	0	0	0	428	511	
6	0	0	0	0	428	884	
7	0	0	0	0	428	549	
8	0	0	0	0	429	191	
9	0	0	0	0	429	769	
10	0	0	0	0	430	300	
11	0	0	0	0	429	502	
12	0	0	0	0	431	591	
13	0	0	0	0	431	553	
14	0	0	0	0	431	672	
15	0	0	0	0	431	1017	
0	0	0	0	0	432	223	
1	0	0	0	0	432	634	
2	0	0	0	0	432	735	
3	0	0	0	0	432	432	
4	0	0	0	0	433	969	
5	0	0	0	0	433	352	
6	0	0	0	0	434	451	
7	0	0	0	0	434	588	
8	0	0	0	0	435	74	
9	0	0	0	0	435	0	
10	0	0	0	0	435	167	
11	0	0	0	0	436	674	
12	0	0	0	0	436	553	
13	0	0	0	0	436	984	
14	0	0	0	0	436	363	
15	0	0	0	0	437	476	
0	0	0	0	0	438	149	
1	0	0	0	0	438	754	
2	0	0	0	0	438	0	
3	0	0	0	0	439	1018	
4	0	0	0	0	440	663	
5	0	0	0	0	439	467	
6	0	0	0	0	440	613	
7	0	0	0	0	440	459	
8	0	0	0	0	441	1018	
9	0	0	0	0	441	535	
10	0	0	0	0	441	1018	
11	0	0	0	0	442	263	
12	0	0	0	0	443	519	
13	0	0	0	0	443	1018	
14	0	0	0	0	443	459	
15	0	0	0	0	444	1018	
0	0	0	0	0	444	0	
1	0	0	0	0	444	115	
2	0	0	0	0	445	689	
3	0	0	0	0	445	259	
4	0	0	0	0	446	745	
5	0	0	0	0	446	626	
6	0	0	0	0	446	476	
7	0	0	0	0	447	921	
8	0	0	0	0	447	159	
9	0	0	0	0	448	1018	
10	0	0	0	0	448	1018	
11	0	0	0	0	448	0	
12	0	0	0	0	449	0	
13	0	0	0	0	449	1018	
14	0	0	0	0	449	124	
15	0	0	0	0	450	310	
0	0	0	0	0	451	1019	
1	0	0	0	0	451	336	
2	0	0	0	0	451	484	
3	0	0	0	0	452	1018	
4	0	0	0	0	452	1018	
5	0	0	0	0	453	283	
6	0	0	0	0	453	1018	
7	0	0	0	0	454	393	
8	0	0	0	0	454	449	
9	0	0	0	0	455	247	
10	0	0	0	0	455	448	
11	0	0	0	0	456	918	
12	0	0	0	0	456	789	
13	0	0	0	0	456	367	
14	0	0	0	0	457	438	
15	0	0	0	0	457	369	
0	0	0	0	0	458	1018	
1	0	0	0	0	458	383	
2	0	0	0	0	459	664	
3	0	0	0	0	459	554	
4	0	0	0	0	460	372	
5	0	0	0	0	460	596	
6	0	0	0	0	461	513	
7	0	0	0	0	461	419	
8	0	0	0	0	462	465	
9	0	0	0	0	462	451	
10	0	0	0	0	463	591	
11	0	0	0	0	463	197	
12	0	0	0	0	465	986	
13	0	0	0	0	464	0	
14	0	0	0	0	465	462	
15	0	0	0	0	466	413	
0	0	0	0	0	467	511	
1	0	0	0	0	467	487	
2	0	0	0	0	467	534	
3	0	0	0	0	468	360	
4	0	0	0	0	469	506	
5	0	0	0	0	469	513	
6	0	0	0	0	470	756	
7	0	0	0	0	470	442	
8	0	0	0	0	471	700	
9	0	0	0	0	471	41	
10	0	0	0	0	472	632	
11	0	0	0	0	472	103	
12	0	0	0	0	473	523	
13	0	0	0	0	473	338	
14	0	0	0	0	473	367	
15	0	0	0	0	475	1018	
0	0	0	0	0	475	404	
1	0	0	0	0	475	280	
2	0	0	0	0	476	54	
3	0	0	0	0	476	1018	
4	0	0	0	0	477	381	
5	0	0	0	0	477	0	
6	0	0	0	0	478	441	
7	0	0	0	0	479	791	
8	0	0	0	0	480	330	
9	0	0	0	0	480	465	
10	0	0	0	0	480	424	
11	0	0	0	0	481	459	
12	0	0	0	0	481	490	
13	0	0	0	0	482	392	
14	0	0	0	0	483	604	
15	0	0	0	0	483	120	
0	0	0	0	0	484	664	
1	0	0	0	0	485	1018	
2	0	0	0	0	485	563	
3	0	0	0	0	486	267	
4	0	0	0	0	487	146	
5	0	0	0	0	487	515	
6	0	0	0	0	487	905	
7	0	0	0	0	488	799	
8	0	0	0	0	489	364	
9	0	0	0	0	489	433	
10	0	0	0	0	490	487	
11	0	0	0	0	491	481	
12	0	0	0	0	491	531	
13	0	0	0	0	492	511	
14	0	0	0	0	492	1018	
15	0	0	0	0	493	0	
0	0	0	0	0	494	497	
1	0	0	0	0	494	544	
2	0	0	0	0	495	0	
3	0	0	0	0	495	931	
4	0	0	0	0	496	329	
5	0	0	0	0	496	240	
6	0	0	0	0	497	0	
7	0	0	0	0	497	438	
8	0	0	0	0	498	1018	
9	0	0	0	0	498	0	
10	0	0	0	0	499	0	
11	0	0	0	0	499	242	
12	0	0	0	0	500	797	
13	0	0	0	0	500	1018	
14	0	0	0	0	501	649	
15	0	0	0	0	502	0	
0	0	0	0	0	502	0	
1	0	0	0	0	503	748	
2	0	0	0	0	503	214	
3	0	0	0	0	504	772	
4	0	0	0	0	504	0	
5	0	0	0	0	505	829	
6	0	0	0	0	505	907	
7	0	0	0	0	506	0	
8	0	0	0	0	507	430	
9	0	0	0	0	507	819	
10	0	0	0	0	507	124	
11	0	0	0	0	508	1018	
12	0	0	0	0	508	0	
13	0	0	0	0	509	0	
14	0	0	0	0	510	1018	
15	0	0	0	0	510	0	
0	0	0	0	0	511	817	
1	0	0	0	0	510	123	
2	0	0	0	0	511	265	
3	0	0	0	0	512	972	
4	0	0	0	0	512	720	
5	0	0	0	0	512	0	
6	0	0	0	0	513	780	
7	0	0	0	0	513	760	
8	0	0	0	0	514	351	
9	0	0	0	0	514	575	
10	0	0	0	0	514	199	
11	0	0	0	0	515	1018	
12	0	0	0	0	515	260	
13	0	0	0	0	516	771	
14	0	0	0	0	516	432	
15	0	0	0	0	517	1018	
0	0	0	0	0	517	247	
1	0	0	0	0	518	266	
2	0	0	0	0	518	775	
3	0	0	0	0	519	284	
4	0	0	0	0	519	424	
5	0	0	0	0	519	237	
6	0	0	0	0	520	1018	
7	0	0	0	0	520	348	
8	0	0	0	0	521	329	
9	0	0	0	0	521	837	
10	0	0	0	0	521	402	
11	0	0	0	0	522	0	
12	0	0	0	0	523	486	
13	0	0	0	0	523	576	
14	0	0	0	0	523	785	
15	0	0	0	0	524	846	
0	0	0	0	0	524	583	
1	0	0	0	0	524	289	
2	0	0	0	0	524	632	
3	0	0	0	0	525	771	
4	0	0	0	0	525	664	
5	0	0	0	0	526	468	
6	0	0	0	0	526	161	
7	0	0	0	0	526	880	
8	0	0	0	0	527	774	
9	0	0	0	0	527	374	
10	0	0	0	0	527	611	
11	0	0	0	0	527	611	
12	0	0	0	0	528	428	
13	0	0	0	0	528	295	
14	0	0	0	0	528	277	
15	0	0	0	0	528	559	
0	0	0	0	0	528	548	
1	0	0	0	0	529	722	
2	0	0	0	0	529	569	
3	0	0	0	0	529	500	
4	0	0	0	0	529	732	
5	0	0	0	0	529	331	
6	0	0	0	0	530	359	
7	0	0	0	0	530	1018	
8	0	0	0	0	530	95	
9	0	0	0	0	530	527	
10	0	0	0	0	531	432	
11	0	0	0	0	531	646	
12	0	0	0	0	531	1018	
13	0	0	0	0	531	527	
14	0	0	0	0	531	455	
15	0	0	0	0	531	591	
0	0	0	0	0	531	263	
1	0	0	0	0	532	355	
2	0	0	0	0	532	582	
3	0	0	0	0	532	811	
4	0	0	0	0	532	221	
5	0	0	0	0	532	776	
6	0	0	0	0	532	400	
7	0	0	0	0	532	609	
8	0	0	0	0	532	428	
9	0	0	0	0	532	139	
10	0	0	0	0	532	830	
11	0	0	0	0	532	812	
12	0	0	0	0	532	960	
13	0	0	0	0	532	0	
14	0	0	0	0	532	0	
15	0	0	0	0	532	633	
0	0	0	0	0	532	459	
1	0	0	0	0	532	550	
2	0	0	0	0	532	364	
3	0	0	0	0	532	400	
4	0	0	0	0	532	420	
5	0	0	0	0	531	525	
6	0	0	0	0	531	301	
7	0	0	0	0	531	562	
8	0	0	0	0	531	365	
9	0	0	0	0	531	647	
10	0	0	0	0	531	737	
11	0	0	0	0	531	340	
12	0	0	0	0	531	386	
13	0	0	0	0	530	156	
14	0	0	0	0	530	422	
15	0	0	0	0	530	894	
0	0	0	0	0	530	426	
1	0	0	0	0	529	348	
2	0	0	0	0	529	234	
3	0	0	0	0	528	563	
4	0	0	0	0	529	655	
5	0	0	0	0	528	601	
6	0	0	0	0	528	310	
7	0	0	0	0	527	567	
8	0	0	0	0	528	618	
9	0	0	0	0	527	512	
10	0	0	0	0	527	366	
11	0	0	0	0	527	584	
12	0	0	0	0	527	654	
13	0	0	0	0	526	679	
14	0	0	0	0	526	440	
15	0	0	0	0	526	281	
0	0	0	0	0	526	531	
1	0	0	0	0	525	585	
2	0	0	0	0	525	318	
3	0	0	0	0	524	580	
4	0	0	0	0	524	203	
5	0	0	0	0	524	364	
6	0	0	0	0	524	734	
7	0	0	0	0	523	575	
8	0	0	0	0	523	504	
9	0	0	0	0	523	516	
10	0	0	0	0	522	473	
11	0	0	0	0	521	441	
12	0	0	0	0	521	333	
13	0	0	0	0	521	420	
14	0	0	0	0	521	960	
15	0	0	0	0	520	0	
0	0	0	0	0	521	579	
1	0	0	0	0	520	526	
2	0	0	0	0	520	568	
3	0	0	0	0	519	742	
4	0	0	0	0	519	517	
5	0	0	0	0	519	200	
6	0	0	0	0	519	572	
7	0	0	0	0	518	772	
8	0	0	0	0	518	593	
9	0	0	0	0	518	121	
10	0	0	0	0	517	511	
11	0	0	0	0	517	406	
12	0	0	0	0	517	760	
13	0	0	0	0	516	567	
14	0	0	0	0	516	839	
15	0	0	0	0	515	570	
0	0	0	0	0	515	515	
1	0	0	0	0	515	484	
2	0	0	0	0	514	391	
3	0	0	0	0	514	706	
4	0	0	0	0	514	0	
5	0	0	0	0	513	0	
6	0	0	0	0	513	461	
7	0	0	0	0	513	639	
8	0	0	0	0	513	71	
9	0	0	0	0	512	318	
10	0	0	0	0	512	769	
11	0	0	0	0	511	848	
12	0	0	0	0	511	590	
13	0	0	0	0	511	424	
14	0	0	0	0	510	1018	
15	0	0	0	0	510	140	
0	0	0	0	0	510	794	
1	0	0	0	0	509	603	
2	0	0	0	0	509	869	
3	0	0	0	0	508	212	
4	0	0	0	0	508	975	
5	0	0	0	0	508	483	
6	0	0	0	0	507	1018	
7	0	0	0	0	506	198	
8	0	0	0	0	507	774	
9	0	0	0	0	506	491	
10	0	0	0	0	505	655	
11	0	0	0	0	505	248	
12	0	0	0	0	504	617	
13	0	0	0	0	504	406	
14	0	0	0	0	504	702	
15	0	0	0	0	503	363	
0	0	0	0	0	503	84	
1	0	0	0	0	502	363	
2	0	0	0	0	502	152	
3	0	0	0	0	502	750	
4	0	0	0	0	501	315	
5	0	0	0	0	501	622	
6	0	0	0	0	500	295	
7	0	0	0	0	500	139	
8	0	0	0	0	499	492	
9	0	0	0	0	499	679	
10	0	0	0	0	499	373	
11	0	0	0	0	498	106	
12	0	0	0	0	498	450	
13	0	0	0	0	497	548	
14	0	0	0	0	497	730	
15	0	0	0	0	496	0	
0	0	0	0	0	496	455	
1	0	0	0	0	496	578	
2	0	0	0	0	495	120	
3	0	0	0	0	495	841	
4	0	0	0	0	495	105	
5	0	0	0	0	494	87	
6	0	0	0	0	494	7	
7	0	0	0	0	493	484	
8	0	0	0	0	493	849	
9	0	0	0	0	492	661	
10	0	0	0	0	492	723	
11	0	0	0	0	492	456	
12	0	0	0	0	492	605	
13	0	0	0	0	491	963	
14	0	0	0	0	491	607	
15	0	0	0	0	490	836	
0	0	0	0	0	490	871	
1	0	0	0	0	489	487	
2	0	0	0	0	489	870	
3	0	0	0	0	489	983	
4	0	0	0	0	489	519	
5	0	0	0	0	488	500	
6	0	0	0	0	488	692	
7	0	0	0	0	487	987	
8	0	0	0	0	487	0	
9	0	0	0	0	487	820	
10	0	0	0	0	487	509	
11	0	0	0	0	486	262	
12	0	0	0	0	486	874	
13	0	0	0	0	486	507	
14	0	0	0	0	485	196	
15	0	0	0	0	484	393	
0	0	0	0	0	484	1018	
1	0	0	0	0	483	188	
2	0	0	0	0	484	299	
3	0	0	0	0	483	625	
4	0	0	0	0	483	804	
5	0	0	0	0	483	493	
6	0	0	0	0	482	84	
7	0	0	0	0	482	1018	
8	0	0	0	0	482	310	
9	0	0	0	0	481	931	
10	0	0	0	0	481	626	
11	0	0	0	0	481	412	
12	0	0	0	0	481	474	
13	0	0	0	0	480	387	
14	0	0	0	0	480	668	
15	0	0	0	0	480	919	
0	0	0	0	0	480	384	
1	0	0	0	0	479	454	
2	0	0	0	0	479	444	
3	0	0	0	0	479	696	
4	0	0	0	0	479	393	
5	0	0	0	0	478	451	
6	0	0	0	0	478	423	
7	0	0	0	0	478	313	
8	0	0	0	0	478	0	
9	0	0	0	0	478	215	
10	0	0	0	0	477	0	
11	0	0	0	0	477	215	
12	0	0	0	0	477	261	
13	0	0	0	0	477	741	
14	0	0	0	0	476	519	
15	0	0	0	0	476	1018	
0	0	0	0	0	476	452	
1	0	0	0	0	476	376	
2	0	0	0	0	476	690	
3	0	0	0	0	476	354	
4	0	0	0	0	476	581	
5	0	0	0	0	475	884	
6	0	0	0	0	475	845	
7	0	0	0	0	475	291	
8	0	0	0	0	475	515	
9	0	0	0	0	475	665	
10	0	0	0	0	474	655	
11	0	0	0	0	474	460	
12	0	0	0	0	475	433	
13	0	0	0	0	474	572	
14	0	0	0	0	474	406	
15	0	0	0	0	474	757	
0	0	0	0	0	474	564	
1	0	0	0	0	474	508	
2	0	0	0	0	474	711	
3	0	0	0	0	473	381	
4	0	0	0	0	474	345	
5	0	0	0	0	473	361	
6	0	0	0	0	473	828	
7	0	0	0	0	473	615	
8	0	0	0	0	473	650	
9	0	0	0	0	473	645	
10	0	0	0	0	473	751	
11	0	0	0	0	473	195	
12	0	0	0	0	473	449	
13	0	0	0	0	473	267	
14	0	0	0	0	473	278	
15	0	0	0	0	473	433	
0	0	0	0	0	473	215	
1	0	0	0	0	473	262	
2	0	0	0	0	473	599	
3	0	0	0	0	473	678	
4	0	0	0	0	473	547	
5	0	0	0	0	473	653	
6	0	0	0	0	473	168	
7	0	0	0	0	473	743	
8	0	0	0	0	473	299	
9	0	0	0	0	473	369	
10	0	0	0	0	473	411	
11	0	0	0	0	473	537	
12	0	0	0	0	473	274	
13	0	0	0	0	472	400	
14	0	0	0	0	472	510	
15	0	0	0	0	473	542	
0	0	0	0	0	473	617	
1	0	0	0	0	472	440	
2	0	0	0	0	473	622	
3	0	0	0	0	472	532	
4	0	0	0	0	473	1018	
5	0	0	0	0	472	171	
6	0	0	0	0	473	716	
7	0	0	0	0	473	258	
8	0	0	0	0	473	311	
9	0	0	0	0	473	253	
10	0	0	0	0	473	563	
11	0	0	0	0	473	900	
12	0	0	0	0	473	376	
13	0	0	0	0	473	1018	
14	0	0	0	0	473	466	
15	0	0	0	0	473	374	
0	0	0	0	0	473	687	
1	0	0	0	0	473	774	
2	0	0	0	0	473	624	
3	0	0	0	0	473	664	
4	0	0	0	0	473	655	
5	0	0	0	0	473	525	
6	0	0	0	0	473	876	
7	0	0	0	0	473	568	
8	0	0	0	0	474	246	
9	0	0	0	0	474	488	
10	0	0	0	0	474	358	
11	0	0	0	0	474	469	
12	0	0	0	0	474	564	
13	0	0	0	0	474	472	
14	0	0	0	0	474	938	
15	0	0	0	0	474	361	
0	0	0	0	0	474	299	
1	0	0	0	0	474	422	
2	0	0	0	0	474	340	
3	0	0	0	0	474	497	
4	0	0	0	0	475	573	
5	0	0	0	0	475	465	
6	0	0	0	0	475	297	
7	0	0	0	0	475	902	
8	0	0	0	0	475	83	
9	0	0	0	0	475	334	
10	0	0	0	0	476	495	
11	0	0	0	0	476	566	
12	0	0	0	0	476	568	
13	0	0	0	0	476	221	
14	0	0	0	0	476	371	
15	0	0	0	0	476	278	
0	0	0	0	0	476	452	
1	0	0	0	0	476	274	
2	0	0	0	0	476	554	
3	0	0	0	0	477	569	
4	0	0	0	0	477	641	
5	0	0	0	0	477	530	
6	0	0	0	0	477	397	
7	0	0	0	0	477	359	
8	0	0	0	0	478	668	
9	0	0	0	0	478	496	
10	0	0	0	0	478	769	
11	0	0	0	0	478	656	
12	0	0	0	0	478	240	
13	0	0	0	0	478	666	
14	0	0	0	0	478	885	
15	0	0	0	0	478	0	
0	0	0	0	0	479	743	
1	0	0	0	0	478	469	
2	0	0	0	0	478	485	
3	0	0	0	0	478	546	
4	0	0	0	0	478	381	
5	0	0	0	0	479	688	
6	0	0	0	0	479	289	
7	0	0	0	0	479	628	
8	0	0	0	0	479	760	
9	0	0	0	0	479	671	
10	0	0	0	0	479	616	
11	0	0	0	0	479	335	
12	0	0	0	0	479	711	
13	0	0	0	0	479	614	
14	0	0	0	0	479	282	
15	0	0	0	0	479	383	
0	0	0	0	0	479	768	
1	0	0	0	0	479	688	
2	0	0	0	0	479	568	
3	0	0	0	0	479	464	
4	0	0	0	0	479	966	
5	0	0	0	0	479	447	
6	0	0	0	0	479	412	
7	0	0	0	0	479	456	
8	0	0	0	0	479	448	
9	0	0	0	0	479	452	
10	0	0	0	0	479	459	
11	0	0	0	0	479	448	
12	0	0	0	0	479	704	
13	0	0	0	0	479	899	
14	0	0	0	0	479	226	
15	0	0	0	0	479	726	
0	0	0	0	0	479	786	
1	0	0	0	0	479	668	
2	0	0	0	0	479	441	
3	0	0	0	0	479	819	
4	0	0	0	0	479	391	
5	0	0	0	0	479	520	
6	0	0	0	0	478	802	
7	0	0	0	0	479	748	
8	0	0	0	0	479	633	
9	0	0	0	0	478	382	
10	0	0	0	0	478	170	
11	0	0	0	0	478	393	
12	0	0	0	0	478	415	
13	0	0	0	0	478	810	
14	0	0	0	0	478	457	
15	0	0	0	0	478	317	
0	0	0	0	0	478	569	
1	0	0	0	0	478	966	
2	0	0	0	0	478	500	
3	0	0	0	0	478	396	
4	0	0	0	0	478	494	
5	0	0	0	0	478	420	
6	0	0	0	0	478	736	
7	0	0	0	0	478	556	
8	0	0	0	0	478	206	
9	0	0	0	0	478	477	
10	0	0	0	0	479	561	
11	0	0	0	0	478	332	
12	0	0	0	0	479	295	
13	0	0	0	0	478	416	
14	0	0	0	0	478	641	
15	0	0	0	0	478	14	
0	0	0	0	0	479	321	
1	0	0	0	0	478	594	
2	0	0	0	0	478	349	
3	0	0	0	0	478	360	
4	0	0	0	0	478	472	
5	0	0	0	0	478	316	
6	0	0	0	0	478	233	
7	0	0	0	0	478	469	
8	0	0	0	0	478	278	
9	0	0	0	0	478	140	
10	0	0	0	0	478	322	
11	0	0	0	0	478	441	
12	0	0	0	0	478	340	
13	0	0	0	0	478	433	
14	0	0	0	0	477	398	
15	0	0	0	0	477	630	
0	0	0	0	0	477	605	
1	0	0	0	0	477	533	
2	0	0	0	0	477	776	
3	0	0	0	0	477	227	
4	0	0	0	0	477	771	
5	0	0	0	0	477	724	
6	0	0	0	0	476	473	
7	0	0	0	0	476	528	
8	0	0	0	0	476	265	
9	0	0	0	0	476	551	
10	0	0	0	0	476	607	
11	0	0	0	0	476	466	
12	0	0	0	0	476	462	
13	0	0	0	0	476	632	
14	0	0	0	0	476	310	
15	0	0	0	0	476	835	
0	0	0	0	0	475	794	
1	0	0	0	0	475	608	
2	0	0	0	0	475	700	
3	0	0	0	0	475	980	
4	0	0	0	0	475	550	
5	0	0	0	0	475	801	
6	0	0	0	0	475	600	
7	0	0	0	0	475	786	
8	0	0	0	0	475	686	
9	0	0	0	0	474	350	
10	0	0	0	0	474	807	
11	0	0	0	0	474	505	
12	0	0	0	0	474	657	
13	0	0	0	0	474	462	
14	0	0	0	0	474	499	
15	0	0	0	0	474	418	
0	0	0	0	0	474	353	
1	0	0	0	0	473	201	
2	0	0	0	0	473	337	
3	0	0	0	0	473	481	
4	0	0	0	0	474	489	
5	0	0	0	0	473	398	
6	0	0	0	0	473	717	
7	0	0	0	0	473	657	
8	0	0	0	0	473	822	
9	0	0	0	0	473	547	
10	0	0	0	0	473	795	
11	0	0	0	0	472	572	
12	0	0	0	0	473	668	
13	0	0	0	0	472	626	
14	0	0	0	0	472	518	
15	0	0	0	0	472	811	
0	0	0	0	0	473	0	
1	0	0	0	0	472	315	
2	0	0	0	0	472	67	
3	0	0	0	0	472	502	
4	0	0	0	0	472	39	
5	0	0	0	0	472	592	
6	0	0	0	0	472	539	
7	0	0	0	0	472	429	
8	0	0	0	0	472	244	
9	0	0	0	0	472	64	
10	0	0	0	0	472	716	
11	0	0	0	0	472	559	
12	0	0	0	0	472	319	
13	0	0	0	0	472	506	
14	0	0	0	0	472	718	
15	0	0	0	0	472	81	
0	0	0	0	0	472	546	
1	0	0	0	0	472	676	
2	0	0	0	0	472	660	
3	0	0	0	0	472	213	
4	0	0	0	0	472	761	
5	0	0	0	0	471	471	
6	0	0	0	0	471	576	
7	0	0	0	0	471	402	
8	0	0	0	0	471	348	
9	0	0	0	0	471	325	
10	0	0	0	0	471	748	
11	0	0	0	0	470	832	
12	0	0	0	0	471	358	
13	0	0	0	0	470	431	
14	0	0	0	0	470	607	
15	0	0	0	0	470	862	
0	0	0	0	0	470	243	
1	0	0	0	0	469	0	
2	0	0	0	0	469	448	
3	0	0	0	0	469	354	
4	0	0	0	0	469	397	
5	0	0	0	0	469	253	
6	0	0	0	0	468	146	
7	0	0	0	0	468	339	
8	0	0	0	0	468	553	
9	0	0	0	0	468	680	
10	0	0	0	0	468	199	
11	0	0	0	0	468	319	
12	0	0	0	0	468	554	
13	0	0	0	0	467	428	
14	0	0	0	0	467	665	
15	0	0	0	0	467	857	
0	0	0	0	0	467	927	
1	0	0	0	0	467	276	
2	0	0	0	0	466	662	
3	0	0	0	0	466	543	
4	0	0	0	0	466	708	
5	0	0	0	0	466	955	
6	0	0	0	0	466	419	
7	0	0	0	0	465	534	
8	0	0	0	0	465	628	
9	0	0	0	0	465	718	
10	0	0	0	0	465	578	
11	0	0	0	0	465	704	
12	0	0	0	0	465	476	
13	0	0	0	0	464	588	
14	0	0	0	0	464	556	
15	0	0	0	0	464	994	
0	0	0	0	0	464	422	
1	0	0	0	0	463	364	
2	0	0	0	0	463	222	
3	0	0	0	0	463	750	
4	0	0	0	0	463	476	
5	0	0	0	0	463	472	
6	0	0	0	0	462	878	
7	0	0	0	0	462	444	
8	0	0	0	0	462	778	
9	0	0	0	0	462	440	
10	0	0	0	0	462	712	
11	0	0	0	0	461	379	
12	0	0	0	0	461	697	
13	0	0	0	0	461	461	
14	0	0	0	0	460	543	
15	0	0	0	0	460	529	
0	0	0	0	0	461	624	
1	0	0	0	0	460	347	
2	0	0	0	0	460	606	
3	0	0	0	0	460	380	
4	0	0	0	0	460	483	
5	0	0	0	0	460	313	
6	0	0	0	0	459	632	
7	0	0	0	0	459	912	
8	0	0	0	0	459	117	
9	0	0	0	0	459	303	
10	0	0	0	0	458	706	
11	0	0	0	0	458	589	
12	0	0	0	0	458	534	
13	0	0	0	0	458	627	
14	0	0	0	0	457	717	
15	0	0	0	0	457	139	
0	0	0	0	0	457	716	
1	0	0	0	0	457	258	
2	0	0	0	0	456	375	
3	0	0	0	0	456	443	
4	0	0	0	0	456	690	
5	0	0	0	0	456	711	
6	0	0	0	0	455	663	
7	0	0	0	0	455	679	
8	0	0	0	0	455	546	
9	0	0	0	0	455	560	
10	0	0	0	0	455	884	
11	0	0	0	0	455	800	
12	0	0	0	0	454	701	
13	0	0	0	0	454	451	
14	0	0	0	0	453	156	
15	0	0	0	0	453	226	
0	0	0	0	0	453	494	
1	0	0	0	0	453	579	
2	0	0	0	0	452	348	
3	0	0	0	0	452	406	
4	0	0	0	0	452	869	
5	0	0	0	0	451	542	
6	0	0	0	0	451	382	
7	0	0	0	0	451	294	
8	0	0	0	0	451	438	
9	0	0	0	0	450	731	
10	0	0	0	0	450	491	
11	0	0	0	0	450	23	
12	0	0	0	0	450	743	
13	0	0	0	0	449	382	
14	0	0	0	0	449	440	
15	0	0	0	0	448	376	
0	0	0	0	0	448	430	
1	0	0	0	0	448	473	
2	0	0	0	0	447	0	
3	0	0	0	0	448	186	
4	0	0	0	0	448	161	
5	0	0	0	0	447	281	
6	0	0	0	0	447	319	
7	0	0	0	0	446	398	
8	0	0	0	0	446	0	
9	0	0	0	0	446	438	
10	0	0	0	0	445	627	
11	0	0	0	0	445	409	
12	0	0	0	0	445	905	
13	0	0	0	0	444	590	
14	0	0	0	0	444	308	
15	0	0	0	0	444	640	
0	0	0	0	0	444	647	
1	0	0	0	0	443	454	
2	0	0	0	0	443	556	
3	0	0	0	0	443	679	
4	0	0	0	0	443	750	
5	0	0	0	0	442	196	
6	0	0	0	0	441	630	
7	0	0	0	0	441	350	
8	0	0	0	0	441	564	
9	0	0	0	0	441	1018	
10	0	0	0	0	440	228	
11	0	0	0	0	440	564	
12	0	0	0	0	440	662	
13	0	0	0	0	440	845	
14	0	0	0	0	440	354	
15	0	0	0	0	439	799	
0	0	0	0	0	439	553	
1	0	0	0	0	439	593	
2	0	0	0	0	439	623	
3	0	0	0	0	439	297	
4	0	0	0	0	439	532	
5	0	0	0	0	438	507	
6	0	0	0	0	438	265	
7	0	0	0	0	438	748	
8	0	0	0	0	438	677	
9	0	0	0	0	437	559	
10	0	0	0	0	437	674	
11	0	0	0	0	436	611	
12	0	0	0	0	437	952	
13	0	0	0	0	436	436	
14	0	0	0	0	436	645	
15	0	0	0	0	435	568	
0	0	0	0	0	435	539	
1	0	0	0	0	435	721	
2	0	0	0	0	435	245	
3	0	0	0	0	434	344	
4	0	0	0	0	435	1014	
5	0	0	0	0	434	517	
6	0	0	0	0	433	466	
7	0	0	0	0	433	494	
8	0	0	0	0	434	663	
9	0	0	0	0	433	490	
10	0	0	0	0	433	545	
11	0	0	0	0	432	271	
12	0	0	0	0	433	812	
13	0	0	0	0	432	0	
14	0	0	0	0	432	592	
15	0	0	0	0	432	343	
0	0	0	0	0	432	762	
1	0	0	0	0	431	255	
2	0	0	0	0	431	396	
3	0	0	0	0	431	403	
4	0	0	0	0	431	951	
5	0	0	0	0	430	238	
6	0	0	0	0	430	586	
7	0	0	0	0	430	606	
8	0	0	0	0	430	438	
9	0	0	0	0	429	218	
10	0	0	0	0	429	697	
11	0	0	0	0	429	590	
12	0	0	0	0	429	636	
13	0	0	0	0	429	511	
14	0	0	0	0	428	435	
15	0	0	0	0	428	652	
0	0	0	0	0	428	671	
1	0	0	0	0	428	648	
2	0	0	0	0	428	403	
3	0	0	0	0	428	608	
4	0	0	0	0	428	286	
5	0	0	0	0	427	432	
6	0	0	0	0	428	303	
7	0	0	0	0	427	819	
8	0	0	0	0	428	217	
9	0	0	0	0	427	485	
10	0	0	0	0	427	730	
11	0	0	0	0	427	354	
12	0	0	0	0	427	610	
13	0	0	0	0	427	556	
14	0	0	0	0	427	370	
15	0	0	0	0	427	462	
0	0	0	0	0	427	620	
1	0	0	0	0	427	341	
2	0	0	0	0	427	268	
3	0	0	0	0	427	519	
4	0	0	0	0	427	599	
5	0	0	0	0	427	465	
6	0	0	0	0	427	200	
7	0	0	0	0	427	456	
8	0	0	0	0	428	880	
9	0	0	0	0	428	225	
10	0	0	0	0	428	271	
11	0	0	0	0	428	621	
12	0	0	0	0	428	606	
13	0	0	0	0	428	535	
14	0	0	0	0	429	457	
15	0	0	0	0	429	623	
0	0	0	0	0	429	409	
1	0	0	0	0	429	261	
2	0	0	0	0	429	364	
3	0	0	0	0	430	573	
4	0	0	0	0	430	226	
5	0	0	0	0	430	287	
6	0	0	0	0	431	526	
7	0	0	0	0	431	1005	
8	0	0	0	0	432	527	
9	0	0	0	0	432	375	
10	0	0	0	0	432	284	
11	0	0	0	0	432	615	
12	0	0	0	0	433	293	
13	0	0	0	0	433	593	
14	0	0	0	0	433	401	
15	0	0	0	0	434	582	
0	0	0	0	0	434	614	
1	0	0	0	0	434	243	
2	0	0	0	0	435	686	
3	0	0	0	0	435	916	
4	0	0	0	0	435	238	
5	0	0	0	0	435	376	
6	0	0	0	0	436	703	
7	0	0	0	0	436	466	
8	0	0	0	0	437	491	
9	0	0	0	0	438	813	
10	0	0	0	0	438	575	
11	0	0	0	0	438	569	
12	0	0	0	0	439	600	
13	0	0	0	0	439	528	
14	0	0	0	0	439	411	
15	0	0	0	0	440	816	
0	0	0	0	0	440	173	
1	0	0	0	0	440	521	
2	0	0	0	0	441	568	
3	0	0	0	0	441	351	
4	0	0	0	0	442	639	
5	0	0	0	0	442	646	
6	0	0	0	0	443	417	
7	0	0	0	0	443	442	
8	0	0	0	0	443	546	
9	0	0	0	0	444	219	
10	0	0	0	0	444	802	
11	0	0	0	0	444	468	
12	0	0	0	0	445	556	
13	0	0	0	0	445	322	
14	0	0	0	0	446	415	
15	0	0	0	0	446	494	
0	0	0	0	0	447	514	
1	0	0	0	0	447	225	
2	0	0	0	0	447	745	
3	0	0	0	0	448	720	
4	0	0	0	0	448	408	
5	0	0	0	0	449	446	
6	0	0	0	0	449	550	
7	0	0	0	0	449	363	
8	0	0	0	0	450	561	
9	0	0	0	0	450	730	
10	0	0	0	0	450	312	
11	0	0	0	0	451	483	
12	0	0	0	0	451	0	
13	0	0	0	0	451	718	
14	0	0	0	0	452	0	
15	0	0	0	0	452	1018	
0	0	0	0	0	452	143	
1	0	0	0	0	453	440	
2	0	0	0	0	453	841	
3	0	0	0	0	454	498	
4	0	0	0	0	454	390	
5	0	0	0	0	454	536	
6	0	0	0	0	454	320	
7	0	0	0	0	455	638	
8	0	0	0	0	455	479	
9	0	0	0	0	455	491	
10	0	0	0	0	455	616	
11	0	0	0	0	456	193	
12	0	0	0	0	457	532	
13	0	0	0	0	457	587	
14	0	0	0	0	457	595	
15	0	0	0	0	458	540	
0	0	0	0	0	458	524	
1	0	0	0	0	459	450	
2	0	0	0	0	459	420	
3	0	0	0	0	459	350	
4	0	0	0	0	460	449	
5	0	0	0	0	460	413	
6	0	0	0	0	460	564	
7	0	0	0	0	460	389	
8	0	0	0	0	461	522	
9	0	0	0	0	461	547	
10	0	0	0	0	461	620	
11	0	0	0	0	462	504	
12	0	0	0	0	462	512	
13	0	0	0	0	462	499	
14	0	0	0	0	462	542	
15	0	0	0	0	462	390	
0	0	0	0	0	463	341	
1	0	0	0	0	463	649	
2	0	0	0	0	463	422	
3	0	0	0	0	463	383	
4	0	0	0	0	464	410	
5	0	0	0	0	464	416	
6	0	0	0	0	464	307	
7	0	0	0	0	464	435	
8	0	0	0	0	464	409	
9	0	0	0	0	464	519	
10	0	0	0	0	464	213	
11	0	0	0	0	465	504	
12	0	0	0	0	465	296	
13	0	0	0	0	465	460	
14	0	0	0	0	465	317	
15	0	0	0	0	465	412	
0	0	0	0	0	466	320	
1	0	0	0	0	466	588	
2	0	0	0	0	466	419	
3	0	0	0	0	466	458	
4	0	0	0	0	466	473	
5	0	0	0	0	467	467	
6	0	0	0	0	467	406	
7	0	0	0	0	467	234	
8	0	0	0	0	467	868	
9	0	0	0	0	467	273	
10	0	0	0	0	467	223	
11	0	0	0	0	467	603	
12	0	0	0	0	468	694	
13	0	0	0	0	468	616	
14	0	0	0	0	468	534	
15	0	0	0	0	468	526	
0	0	0	0	0	468	723	
1	0	0	0	0	468	531	
2	0	0	0	0	469	838	
3	0	0	0	0	469	542	
4	0	0	0	0	469	679	
5	0	0	0	0	469	311	
6	0	0	0	0	469	470	
7	0	0	0	0	470	280	
8	0	0	0	0	470	352	
9	0	0	0	0	470	371	
10	0	0	0	0	470	326	
11	0	0	0	0	470	374	
12	0	0	0	0	471	610	
13	0	0	0	0	470	251	
14	0	0	0	0	471	472	
15	0	0	0	0	471	577	
0	0	0	0	0	471	342	
1	0	0	0	0	471	615	
2	0	0	0	0	471	364	
3	0	0	0	0	471	573	
4	0	0	0	0	471	398	
5	0	0	0	0	472	676	
6	0	0	0	0	472	670	
7	0	0	0	0	472	418	
8	0	0	0	0	472	399	
9	0	0	0	0	472	397	
10	0	0	0	0	472	530	
